system_time_ns,unity_realtime_s,pos_mm_x,pos_mm_y,pos_mm_z,rot_q_x,rot_q_y,rot_q_z,rot_q_w,joint_rad_0,joint_rad_1,joint_rad_2,gimbal_rad_0,gimbal_rad_1,gimbal_rad_2,force_N_x,force_N_y,force_N_z,is_holding,held_ring_id,event_code,fps,dt_frame_s
226484100,4.1584174000017811,0,0,0,0,0,0,1,0,0,0,0,0,0,0,0,0,0,-1,0,0,0
1597122400,5.5291752000011911,0.2309498,-65.51071,-88.1145248,-0.20683521,-0.03864591,-0.198017925,0.9573477,0.002878392,0.268889546,-0.370812863,-0.007559807,0.7947194,-0.412802875,0,0,0,0,-1,0,0.7295871,1.3706383
1667216800,5.599269500000446,0.9552091,-65.03886,-88.25085,-0.218644947,-0.02707404,-0.185190961,0.9576877,0.0119247679,0.2725618,-0.370812863,-0.0267353468,0.8138949,-0.4000192,0,0,0,0,-1,0,1.40643144,0.0700944
1667982400,5.6000349000005372,0.9553836,-65.09126,-88.23621,-0.217627779,-0.0257735737,-0.184564978,0.958076,0.0119247679,0.272153765,-0.370812863,-0.0292920861,0.8113382,-0.4000192,0,0,0,0,-1,0,66.64436,0.00076560000000000007
1711254500,5.6433066000008694,0.9553836,-65.09126,-88.23621,-0.217627779,-0.0257735737,-0.184564978,0.958076,0.0119247679,0.272153765,-0.370812863,-0.0292920861,0.8113382,-0.4000192,0,0,0,0,-1,0,64.46762,0.0432721
1711795000,5.6438478000000032,0.9555579,-65.14367,-88.2215958,-0.217119142,-0.02512265,-0.1842528,0.9582688,0.0119247679,0.271745741,-0.370812863,-0.0305704549,0.810059845,-0.4000192,0,0,0,0,-1,0,153.751175,0.00054050000000000007
1721246800,5.6532999000010022,0.9555579,-65.14367,-88.2215958,-0.217119142,-0.02512265,-0.1842528,0.9582688,0.0119247679,0.271745741,-0.370812863,-0.0305704549,0.810059845,-0.4000192,0,0,0,0,-1,0,151.3536,0.0094518
1756952500,5.6890049000012368,0.9557319,-65.19609,-88.20701,-0.216407672,-0.0255138986,-0.184642851,0.9583443,0.0119247679,0.2713377,-0.370812863,-0.0292920861,0.808781445,-0.4000192,0,0,0,0,-1,0,145.186264,0.0357057
1757607400,5.6896600000000035,0.9559057,-65.24851,-88.19244,-0.214678332,-0.0246023256,-0.184409216,0.9588019,0.0119247679,0.270929664,-0.370812863,-0.0305704549,0.804946363,-0.4000192,0,0,0,0,-1,0,214.27449,0.0006549
1804250800,5.7363032000012026,0.9559057,-65.24851,-88.19244,-0.214678332,-0.0246023256,-0.184409216,0.9588019,0.0119247679,0.270929664,-0.370812863,-0.0305704549,0.804946363,-0.4000192,0,0,0,0,-1,0,204.632736,0.0466434
1804840300,5.73689320000085,0.9559057,-65.24851,-88.19244,-0.214576766,-0.025124304,-0.184759051,0.9587438,0.0119247679,0.270929664,-0.370812863,-0.0292920861,0.804946363,-0.4000192,0,0,0,0,-1,0,279.21875,0.00058950000000000007
1818486400,5.7505394000017986,0.9559057,-65.24851,-88.19244,-0.214678332,-0.0246023256,-0.184409216,0.9588019,0.0119247679,0.270929664,-0.370812863,-0.0305704549,0.804946363,-0.4000192,0,0,0,0,-1,0,268.921875,0.013646100000000001
1867834000,5.7998864000001049,0.9559057,-65.24851,-88.19244,-0.214678332,-0.0246023256,-0.184409216,0.9588019,0.0119247679,0.270929664,-0.370812863,-0.0305704549,0.804946363,-0.4000192,0,0,0,0,-1,0,256.489,0.049347600000000005
1868341900,5.8003950000002078,0.9559057,-65.24851,-88.19244,-0.214083552,-0.0243353937,-0.1838352,0.959051967,0.0119247679,0.270929664,-0.370812863,-0.0305704549,0.803667963,-0.398740828,0,0,0,0,-1,0,342.109131,0.0005079
1918857200,5.8509096000016143,0.9559057,-65.24851,-88.19244,-0.214083552,-0.0243353937,-0.1838352,0.959051967,0.0119247679,0.270929664,-0.370812863,-0.0305704549,0.803667963,-0.398740828,0,0,0,0,-1,0,325.993469,0.050515300000000006
1919424500,5.85147760000109,0.9560792,-65.30094,-88.17789,-0.214121684,-0.0236262772,-0.178664908,0.9600378,0.0119247679,0.270521641,-0.370812863,-0.0292920861,0.803667963,-0.3872355,0,0,0,0,-1,0,397.8306,0.00056730000000000007
1949368200,5.8814211000008072,0.9560792,-65.30094,-88.17789,-0.214121684,-0.0236262772,-0.178664908,0.9600378,0.0119247679,0.270521641,-0.370812863,-0.0292920861,0.803667963,-0.3872355,0,0,0,0,-1,0,379.608856,0.0299437
1978669800,5.9107227000004059,0.9231124,-65.30094,-88.1775,-0.213323563,-0.02433475,-0.17760402,0.960394561,0.0115135685,0.270521641,-0.370812863,-0.0267353468,0.8023897,-0.383400381,0,0,0,0,-1,0,362.3348,0.0293016
1979218500,5.9112716000017826,0.9231124,-65.30094,-88.1775,-0.2130959,-0.0253596,-0.176196456,0.9606778,0.0115135685,0.270521641,-0.370812863,-0.0229002386,0.8023897,-0.378286928,0,0,0,0,-1,0,435.342529,0.00054870000000000006
2005028700,5.9370807000013883,0.9231124,-65.30094,-88.1775,-0.2130959,-0.0253596,-0.176196456,0.9606778,0.0115135685,0.270521641,-0.370812863,-0.0229002386,0.8023897,-0.378286928,0,0,0,0,-1,0,415.512634,0.025810200000000002
2005610500,5.9376632000003156,0.9231124,-65.30094,-88.1775,-0.213175863,-0.0246784315,-0.1731253,0.96123606,0.0115135685,0.270521641,-0.370812863,-0.0229002386,0.8023897,-0.371895075,0,0,0,0,-1,0,480.6772,0.0005818
2034022200,5.96607480000057,0.9231124,-65.30094,-88.1775,-0.213175863,-0.0246784315,-0.1731253,0.96123606,0.0115135685,0.270521641,-0.370812863,-0.0229002386,0.8023897,-0.371895075,0,0,0,0,-1,0,458.403168,0.0284117
2063032000,5.9950842000016564,0.9560792,-65.30094,-88.17789,-0.213288575,-0.02379927,-0.17000854,0.9617893,0.0119247679,0.270521641,-0.370812863,-0.0229002386,0.8023897,-0.365503222,0,0,0,0,-1,0,437.206573,0.029009800000000002
2063616100,5.9956686000004993,0.9560792,-65.30094,-88.17789,-0.213947058,-0.0235072989,-0.168129668,0.9619805,0.0119247679,0.270521641,-0.370812863,-0.0229002386,0.803667963,-0.36166814,0,0,0,0,-1,0,500.948029,0.0005841
2091641200,6.0236935000011727,0.9560792,-65.30094,-88.17789,-0.213947058,-0.0235072989,-0.168129668,0.9619805,0.0119247679,0.270521641,-0.370812863,-0.0229002386,0.803667963,-0.36166814,0,0,0,0,-1,0,477.684753,0.0280251
2092307800,6.0243607000011252,0.9560792,-65.30094,-88.17789,-0.21405369,-0.02284647,-0.167164475,0.9621409,0.0119247679,0.270521641,-0.370812863,-0.02417861,0.803667963,-0.360389739,0,0,0,0,-1,0,528.808044,0.0006666
2097292700,6.029345500001,0.9560792,-65.30094,-88.17789,-0.214068219,-0.0227096435,-0.1665494,0.96224755,0.0119247679,0.270521641,-0.370812863,-0.02417861,0.803667963,-0.359111369,0,0,0,0,-1,0,512.397949,0.0049849000000000004
2131274100,6.0633270000016637,0.9560792,-65.30094,-88.17789,-0.214068219,-0.0227096435,-0.1665494,0.96224755,0.0119247679,0.270521641,-0.370812863,-0.02417861,0.803667963,-0.359111369,0,0,0,0,-1,0,488.249451,0.0339814
2131814100,6.06386670000029,0.9560792,-65.30094,-88.17789,-0.213976875,-0.0232337713,-0.166899741,0.9621947,0.0119247679,0.270521641,-0.370812863,-0.0229002386,0.803667963,-0.359111369,0,0,0,0,-1,0,556.429565,0.00054
2158828200,6.0908811000008427,0.9560792,-65.30094,-88.17789,-0.214068219,-0.0227096435,-0.1665494,0.96224755,0.0119247679,0.270521641,-0.370812863,-0.02417861,0.803667963,-0.359111369,0,0,0,0,-1,0,530.459,0.027014100000000003
2159396200,6.0914489000006142,0.9560792,-65.30094,-88.17789,-0.2139917,-0.0230969973,-0.16628468,0.962301135,0.0119247679,0.270521641,-0.370812863,-0.0229002386,0.803667963,-0.357833,0,0,0,0,-1,0,591.964233,0.000568
2209192400,6.14124510000147,0.9560792,-65.30094,-88.17789,-0.2139917,-0.0230969973,-0.16628468,0.962301135,0.0119247679,0.270521641,-0.370812863,-0.0229002386,0.803667963,-0.357833,0,0,0,0,-1,0,563.3701,0.049796200000000006
2223961800,6.1560149000015372,0.9231124,-65.30094,-88.1775,-0.214073837,-0.0222004764,-0.161405832,0.963134348,0.0115135685,0.270521641,-0.370812863,-0.0229002386,0.803667963,-0.347606063,0,0,0,0,-1,0,538.587,0.0147694
2224559400,6.1566124000000855,0.9231124,-65.30094,-88.1775,-0.214116,-0.0217899363,-0.1595587,0.963442,0.0115135685,0.270521641,-0.370812863,-0.0229002386,0.803667963,-0.343770951,0,0,0,0,-1,0,595.3256,0.0005976
2280668700,6.2127207000012277,0.9231124,-65.30094,-88.1775,-0.214116,-0.0217899363,-0.1595587,0.963442,0.0115135685,0.270521641,-0.370812863,-0.0229002386,0.803667963,-0.343770951,0,0,0,0,-1,0,566.450439,0.0561093
2281310600,6.2133637000006274,0.9231124,-65.30094,-88.1775,-0.214184552,-0.02110553,-0.1564788,0.963947058,0.0115135685,0.270521641,-0.370812863,-0.0229002386,0.803667963,-0.3373791,0,0,0,0,-1,0,616.021667,0.0006419
2297207800,6.2292600000000675,0.9231124,-65.30094,-88.1775,-0.214184552,-0.02110553,-0.1564788,0.963947058,0.0115135685,0.270521641,-0.370812863,-0.0229002386,0.803667963,-0.3373791,0,0,0,0,-1,0,588.3658,0.0158972
2355068600,6.2871211000001495,0.9231124,-65.30094,-88.1775,-0.214198008,-0.0209686253,-0.155862644,0.9640469,0.0115135685,0.270521641,-0.370812863,-0.0229002386,0.803667963,-0.336100727,0,0,0,0,-1,0,559.811646,0.057860800000000004
2355552500,6.2876057000012224,0.9231124,-65.30094,-88.1775,-0.21429643,-0.020306522,-0.1548955,0.9641951,0.0115135685,0.270521641,-0.370812863,-0.02417861,0.803667963,-0.334822357,0,0,0,0,-1,0,635.1482,0.00048390000000000005
2366809700,6.2988627000013366,0.9231124,-65.30094,-88.1775,-0.21429643,-0.020306522,-0.1548955,0.9641951,0.0115135685,0.270521641,-0.370812863,-0.02417861,0.803667963,-0.334822357,0,0,0,0,-1,0,607.8324,0.0112572
2367335700,6.2993885000014416,0.9231124,-65.30094,-88.1775,-0.21429643,-0.020306522,-0.1548955,0.9641951,0.0115135685,0.270521641,-0.370812863,-0.02417861,0.803667963,-0.334822357,0,0,0,0,-1,0,672.4978,0.000526
2399081900,6.3311341000007815,0.9231124,-65.30094,-88.1775,-0.21429643,-0.020306522,-0.1548955,0.9641951,0.0115135685,0.270521641,-0.370812863,-0.02417861,0.803667963,-0.334822357,0,0,0,0,-1,0,640.4479,0.0317462
2425518000,6.35757040000135,0.9231124,-65.30094,-88.1775,-0.21429643,-0.020306522,-0.1548955,0.9641951,0.0115135685,0.270521641,-0.370812863,-0.02417861,0.803667963,-0.334822357,0,0,0,0,-1,0,610.316833,0.0264361
2426025400,6.3580784000005224,0.9231124,-65.30094,-88.1775,-0.214910984,-0.0204155277,-0.154862717,0.96406126,0.0115135685,0.270521641,-0.370812863,-0.02417861,0.804946363,-0.334822357,0,0,0,0,-1,0,678.3426,0.00050740000000000008
2456070700,6.3881231000013941,0.9231124,-65.30094,-88.1775,-0.214910984,-0.0204155277,-0.154862717,0.96406126,0.0115135685,0.270521641,-0.370812863,-0.02417861,0.804946363,-0.334822357,0,0,0,0,-1,0,646.0896,0.0300453
2456695800,6.3887485000013839,0.9229449,-65.24851,-88.19205,-0.214995891,-0.0198905487,-0.154511437,0.964109659,0.0115135685,0.270929664,-0.370812863,-0.025456978,0.804946363,-0.334822357,0,0,0,0,-1,0,693.772339,0.00062510000000000007
2484978400,6.4170307000003959,0.9229449,-65.24851,-88.19205,-0.214995891,-0.0198905487,-0.154511437,0.964109659,0.0115135685,0.270929664,-0.370812863,-0.025456978,0.804946363,-0.334822357,0,0,0,0,-1,0,660.851563,0.0282826
2514728900,6.44678120000026,0.9229449,-65.24851,-88.19205,-0.215080723,-0.019365564,-0.154160067,0.964157641,0.0115135685,0.270929664,-0.370812863,-0.0267353468,0.804946363,-0.334822357,0,0,0,0,-1,0,629.4896,0.029750500000000003
2515361900,6.4474145000003773,0.9229449,-65.24851,-88.19205,-0.215165436,-0.0188405775,-0.153808668,0.964205265,0.0115135685,0.270929664,-0.370812863,-0.02801372,0.804946363,-0.334822357,0,0,0,0,-1,0,677.0041,0.000633
2541192800,6.4732453000015084,0.9229449,-65.24851,-88.19205,-0.215165436,-0.0188405775,-0.153808668,0.964205265,0.0115135685,0.270929664,-0.370812863,-0.02801372,0.804946363,-0.334822357,0,0,0,0,-1,0,645.089539,0.0258309
2541760000,6.47381310000128,0.9227771,-65.19609,-88.20662,-0.2157798,-0.0189502463,-0.153774813,0.9640712,0.0115135685,0.2713377,-0.370812863,-0.02801372,0.8062247,-0.334822357,0,0,0,0,-1,0,700.987366,0.0005672
2571251500,6.5033037000011973,0.9227771,-65.19609,-88.20662,-0.2157798,-0.0189502463,-0.153774813,0.9640712,0.0115135685,0.2713377,-0.370812863,-0.02801372,0.8062247,-0.334822357,0,0,0,0,-1,0,667.6334,0.0294915
2600623100,6.5326758000010159,0.9555579,-65.14367,-88.2215958,-0.216425672,-0.0188617129,-0.1536964,0.9639407,0.0119247679,0.271745741,-0.370812863,-0.02801372,0.8075031,-0.334822357,0,0,0,0,-1,0,635.9541,0.0293716
2601151500,6.533204500001375,0.9555579,-65.14367,-88.2215958,-0.2170398,-0.0189713817,-0.153662279,0.963805854,0.0119247679,0.271745741,-0.370812863,-0.02801372,0.8075031,-0.334822357,0,0,0,0,-1,0,698.7817,0.0005284
2636311000,6.568363500000487,0.9555579,-65.14367,-88.2215958,-0.216425672,-0.0188617129,-0.1536964,0.9639407,0.0119247679,0.271745741,-0.370812863,-0.02801372,0.8075031,-0.334822357,0,0,0,0,-1,0,665.2647,0.0351595
2636795800,6.5688485000009678,0.9226091,-65.14367,-88.2212143,-0.216394067,-0.0190599,-0.153740928,0.963936746,0.0115135685,0.271745741,-0.370812863,-0.02801372,0.8075031,-0.334822357,0,0,0,0,-1,0,735.1368,0.0004848
2665965500,6.5980179000016506,0.9226091,-65.14367,-88.2212143,-0.216309369,-0.01958444,-0.154092968,0.963889062,0.0115135685,0.271745741,-0.370812863,-0.0267353468,0.8075031,-0.334822357,0,0,0,0,-1,0,700.094055,0.029169700000000003
2694122300,6.6261751000001823,0.9226091,-65.14367,-88.2212143,-0.216309369,-0.01958444,-0.154092968,0.963889062,0.0115135685,0.271745741,-0.370812863,-0.0267353468,0.8075031,-0.334822357,0,0,0,0,-1,0,666.8651,0.028156800000000003
2694630900,6.626684100001512,0.9226091,-65.14367,-88.2212143,-0.216284171,-0.0198609475,-0.155325055,0.963691235,0.0115135685,0.271745741,-0.370812863,-0.0267353468,0.8075031,-0.3373791,0,0,0,0,-1,0,731.830933,0.0005086
2722937100,6.6549895000007382,0.9226091,-65.14367,-88.2212143,-0.216284171,-0.0198609475,-0.155325055,0.963691235,0.0115135685,0.271745741,-0.370812863,-0.0267353468,0.8075031,-0.3373791,0,0,0,0,-1,0,697.0058,0.0283062
2723471900,6.6555250000001251,0.9226091,-65.14367,-88.2212143,-0.216245681,-0.0202756431,-0.15717268,0.963391662,0.0115135685,0.271745741,-0.370812863,-0.0267353468,0.8075031,-0.3412142,0,0,0,0,-1,0,755.6484,0.0005348
2750488300,6.6825406000007206,0.9226091,-65.14367,-88.2212143,-0.216245681,-0.0202756431,-0.15717268,0.963391662,0.0115135685,0.271745741,-0.370812863,-0.0267353468,0.8075031,-0.3412142,0,0,0,0,-1,0,719.7167,0.027016400000000003
2780085500,6.7121380000007775,0.9224408,-65.09126,-88.2358246,-0.216166317,-0.0211048182,-0.160866246,0.9627818,0.0115135685,0.272153765,-0.370812863,-0.0267353468,0.8075031,-0.348884434,0,0,0,0,-1,0,685.420166,0.0295972
2780712900,6.7127658000008523,0.9224408,-65.09126,-88.2358246,-0.21671088,-0.0219112653,-0.1639074,0.9621282,0.0115135685,0.272153765,-0.370812863,-0.0267353468,0.808781445,-0.3552763,0,0,0,0,-1,0,730.84314,0.00062740000000000007
2808780400,6.7408331000006,0.9224408,-65.09126,-88.2358246,-0.21732384,-0.0220269561,-0.163872287,0.9619933,0.0115135685,0.272153765,-0.370812863,-0.0267353468,0.810059845,-0.3552763,0,0,0,0,-1,0,696.0824,0.028067500000000002
2809411600,6.7414645000008022,0.9224408,-65.09126,-88.2358246,-0.217358053,-0.0220595486,-0.1659792,0.9616235,0.0115135685,0.272153765,-0.370812863,-0.02801372,0.810059845,-0.360389739,0,0,0,0,-1,0,740.4925,0.00063120000000000006
2836302100,6.7683545000018057,0.9224408,-65.09126,-88.2358246,-0.217358053,-0.0220595486,-0.1659792,0.9616235,0.0115135685,0.272153765,-0.370812863,-0.02801372,0.810059845,-0.360389739,0,0,0,0,-1,0,705.3273,0.0268905
2869855800,6.8019086000003881,0.9224408,-65.09126,-88.2358246,-0.2178502,-0.02297828,-0.167524725,0.9612225,0.0115135685,0.272153765,-0.370812863,-0.0267353468,0.8113382,-0.362946481,0,0,0,0,-1,0,671.551,0.0335537
2870380100,6.8024330000007467,0.9224408,-65.09126,-88.2358246,-0.217913166,-0.0227342378,-0.168401092,0.961060941,0.0115135685,0.272153765,-0.370812863,-0.02801372,0.8113382,-0.365503222,0,0,0,0,-1,0,733.338745,0.0005243
2911143300,6.8431960000016261,0.9224408,-65.09126,-88.2358246,-0.217913166,-0.0227342378,-0.168401092,0.961060941,0.0115135685,0.272153765,-0.370812863,-0.02801372,0.8113382,-0.365503222,0,0,0,0,-1,0,697.8984,0.0407632
2911948000,6.8440004000003682,0.9224408,-65.09126,-88.2358246,-0.217854321,-0.0232913066,-0.170857713,0.960627258,0.0115135685,0.272153765,-0.370812863,-0.02801372,0.8113382,-0.3706167,0,0,0,0,-1,0,725.1384,0.0008047000000000001
2952649100,6.8847019000004366,0.9224408,-65.09126,-88.2358246,-0.217854321,-0.0232913066,-0.170857713,0.960627258,0.0115135685,0.272153765,-0.370812863,-0.02801372,0.8113382,-0.3706167,0,0,0,0,-1,0,690.11,0.040701100000000004
2987918000,6.9199704000002384,0.9224408,-65.09126,-88.2358246,-0.217714414,-0.0242311079,-0.173051521,0.9602429,0.0115135685,0.272153765,-0.370812863,-0.0267353468,0.8113382,-0.374451846,0,0,0,0,-1,0,657.022156,0.0352689
2988590100,6.9206428000015876,0.9224408,-65.09126,-88.2358246,-0.217794046,-0.0238482244,-0.17331323,0.960187256,0.0115135685,0.272153765,-0.370812863,-0.02801372,0.8113382,-0.3757302,0,0,0,0,-1,0,698.564758,0.0006721
3017844700,6.9498969000014768,0.9224408,-65.09126,-88.2358246,-0.217794046,-0.0238482244,-0.17331323,0.960187256,0.0115135685,0.272153765,-0.370812863,-0.02801372,0.8113382,-0.3757302,0,0,0,0,-1,0,665.345642,0.029254600000000002
3018503400,6.9505563000002439,0.9224408,-65.09126,-88.2358246,-0.217071623,-0.02438707,-0.174315542,0.9601559,0.0115135685,0.272153765,-0.370812863,-0.0267353468,0.810059845,-0.377008557,0,0,0,0,-1,0,707.9855,0.0006587
3044222500,6.9762751000016578,0.9224408,-65.09126,-88.2358246,-0.217071623,-0.02438707,-0.174315542,0.9601559,0.0115135685,0.272153765,-0.370812863,-0.0267353468,0.810059845,-0.377008557,0,0,0,0,-1,0,674.5303,0.0257191
3070764100,7.0028165000003355,0.9224408,-65.09126,-88.2358246,-0.217794046,-0.0238482244,-0.17331323,0.960187256,0.0115135685,0.272153765,-0.370812863,-0.02801372,0.8113382,-0.3757302,0,0,0,0,-1,0,642.6876,0.026541600000000002
3071426600,7.0034794000002876,0.9222723,-65.03886,-88.2504654,-0.217794046,-0.0238482244,-0.17331323,0.960187256,0.0115135685,0.2725618,-0.370812863,-0.02801372,0.8113382,-0.3757302,0,0,0,0,-1,0,686.024963,0.0006625
3101868400,7.033920500000022,0.9222723,-65.03886,-88.2504654,-0.217794046,-0.0238482244,-0.17331323,0.960187256,0.0115135685,0.2725618,-0.370812863,-0.02801372,0.8113382,-0.3757302,0,0,0,0,-1,0,653.3662,0.0304418
3102392900,7.0344457000010152,0.921934545,-64.93407,-88.2798,-0.2184056,-0.023970386,-0.173276275,0.960051954,0.0115135685,0.273377836,-0.370812863,-0.02801372,0.8126166,-0.3757302,0,0,0,0,-1,0,716.0268,0.0005245
3144061300,7.07611370000086,0.921934545,-64.93407,-88.2798,-0.2184056,-0.023970386,-0.173276275,0.960051954,0.0115135685,0.273377836,-0.370812863,-0.02801372,0.8126166,-0.3757302,0,0,0,0,-1,0,681.4254,0.0416684
3178175900,7.1102277000009053,0.921256065,-64.724556,-88.33872,-0.219643861,-0.0240742825,-0.1725887,0.9598907,0.0115135685,0.27500993,-0.370812863,-0.02801372,0.8151734,-0.374451846,0,0,0,0,-1,0,648.819763,0.0341146
3178744100,7.1107969000004232,0.9209153,-64.6198349,-88.36832,-0.221493155,-0.0242978856,-0.171863988,0.959590137,0.0115135685,0.275826,-0.370812863,-0.02801372,0.8190084,-0.373173445,0,0,0,0,-1,0,704.376,0.0005682
3208115600,7.140167500001553,0.9209153,-64.6198349,-88.36832,-0.221493155,-0.0242978856,-0.171863988,0.959590137,0.0115135685,0.275826,-0.370812863,-0.02801372,0.8190084,-0.373173445,0,0,0,0,-1,0,670.8595,0.029371500000000002
3208720800,7.1407736000001023,0.9205736,-64.51514,-88.397995,-0.222715363,-0.02454051,-0.171789512,0.959314346,0.0115135685,0.276642054,-0.370812863,-0.02801372,0.821565151,-0.373173445,0,0,0,0,-1,0,719.933838,0.00060520000000000007
3237066400,7.1691188000004331,0.9205736,-64.51514,-88.397995,-0.222198412,-0.0238985941,-0.171472281,0.959507167,0.0115135685,0.276642054,-0.370812863,-0.0292920861,0.8202868,-0.373173445,0,0,0,0,-1,0,685.7011,0.028345600000000002
3270140700,7.2021927000005235,0.9202309,-64.41047,-88.42776,-0.224031165,-0.024263151,-0.171359316,0.959091961,0.0115135685,0.2774581,-0.370812863,-0.0292920861,0.8241219,-0.373173445,0,0,0,0,-1,0,652.9278,0.0330743
3270800800,7.202853500000856,0.919887245,-64.3058243,-88.4576,-0.225863054,-0.02462762,-0.1712457,0.9586732,0.0115135685,0.278274149,-0.370812863,-0.0292920861,0.8279571,-0.373173445,0,0,0,0,-1,0,696.0275,0.0006601
3308810900,7.2408638000015344,0.919887245,-64.3058243,-88.4576,-0.225863054,-0.02462762,-0.1712457,0.9586732,0.0115135685,0.278274149,-0.370812863,-0.0292920861,0.8279571,-0.373173445,0,0,0,0,-1,0,662.541565,0.038010100000000005
3309348500,7.2414015000013023,0.919196963,-64.0966,-88.5175552,-0.2301505,-0.0253305845,-0.170365974,0.9577915,0.0115135685,0.279906273,-0.370812863,-0.0292920861,0.8369056,-0.371895075,0,0,0,0,-1,0,722.4204,0.00053760000000000006
3338742100,7.2707948000006581,0.919196963,-64.0966,-88.5175552,-0.2301505,-0.0253305845,-0.170365974,0.9577915,0.0115135685,0.279906273,-0.370812863,-0.0292920861,0.8369056,-0.371895075,0,0,0,0,-1,0,688.0004,0.029393600000000002
3367775700,7.2998280000010709,0.918502748,-63.8874779,-88.57785,-0.233215511,-0.025786465,-0.16956149,0.9571805,0.0115135685,0.281538367,-0.370812863,-0.0292920861,0.8432974,-0.3706167,0,0,0,0,-1,0,655.3226,0.029033600000000003
3368306800,7.3003598000013881,0.918502748,-63.8874779,-88.57785,-0.235652864,-0.0262686666,-0.169406429,0.956597745,0.0115135685,0.281538367,-0.370812863,-0.0292920861,0.8484109,-0.3706167,0,0,0,0,-1,0,716.7007,0.00053110000000000006
3395676000,7.3277288000008411,0.918502748,-63.8874779,-88.57785,-0.235652864,-0.0262686666,-0.169406429,0.956597745,0.0115135685,0.281538367,-0.370812863,-0.0292920861,0.8484109,-0.3706167,0,0,0,0,-1,0,682.6925,0.027369200000000003
3396157500,7.32821050000166,0.9183286,-63.8352127,-88.59298,-0.236870974,-0.026509691,-0.169328466,0.956303954,0.0115135685,0.2819464,-0.370812863,-0.0292920861,0.850967646,-0.3706167,0,0,0,0,-1,0,752.4,0.00048150000000000005
3431216500,7.3632693000017753,0.9183286,-63.8352127,-88.59298,-0.236870974,-0.026509691,-0.169328466,0.956303954,0.0115135685,0.2819464,-0.370812863,-0.0292920861,0.850967646,-0.3706167,0,0,0,0,-1,0,716.2062,0.035059
3457538600,7.389591000001019,0.9183286,-63.8352127,-88.59298,-0.238071546,-0.0269028638,-0.169861257,0.9559003,0.0115135685,0.2819464,-0.370812863,-0.0292920861,0.8535244,-0.371895075,0,0,0,0,-1,0,682.2954,0.0263221
3457992200,7.3900454000013269,0.9183286,-63.8352127,-88.59298,-0.238680154,-0.0270237327,-0.169821948,0.9557521,0.0115135685,0.2819464,-0.370812863,-0.0292920861,0.8548028,-0.371895075,0,0,0,0,-1,0,758.4099,0.0004536
3490828500,7.422880800000712,0.9183286,-63.8352127,-88.59298,-0.238680154,-0.0270237327,-0.169821948,0.9557521,0.0115135685,0.2819464,-0.370812863,-0.0292920861,0.8548028,-0.371895075,0,0,0,0,-1,0,722.012146,0.0328363
3491441300,7.42349380000087,0.9183286,-63.8352127,-88.59298,-0.238662854,-0.02717629,-0.1704328,0.955643356,0.0115135685,0.2819464,-0.370812863,-0.0292920861,0.8548028,-0.373173445,0,0,0,0,-1,0,767.5042,0.0006128
3531846100,7.4638992000000144,0.9183286,-63.8352127,-88.59298,-0.238662854,-0.02717629,-0.1704328,0.955643356,0.0115135685,0.2819464,-0.370812863,-0.0292920861,0.8548028,-0.373173445,0,0,0,0,-1,0,730.366455,0.040404800000000005
3565949900,7.4980027000001428,0.885868132,-63.93975,-88.56237,-0.236801818,-0.0270090587,-0.170599535,0.9560812,0.01110237,0.281130344,-0.370812863,-0.0292920861,0.850967646,-0.373173445,0,0,0,0,-1,0,695.3143,0.034103800000000004
3566465100,7.4985179000013886,0.887160361,-64.0313644,-88.44599,-0.23534742,-0.0268663,-0.17131263,0.956316769,0.01110237,0.28072232,-0.3699979,-0.0292920861,0.847132564,-0.374451846,0,0,0,0,-1,0,757.598267,0.00051520000000000005
3594503500,7.5265564000001177,0.887160361,-64.0313644,-88.44599,-0.23534742,-0.0268663,-0.17131263,0.956316769,0.01110237,0.28072232,-0.3699979,-0.0292920861,0.847132564,-0.374451846,0,0,0,0,-1,0,721.501648,0.0280384
3594970800,7.5270235000007233,0.887661338,-64.18824,-88.40086,-0.232910827,-0.026379548,-0.171468228,0.9568988,0.01110237,0.279498219,-0.3699979,-0.0292920861,0.8420191,-0.374451846,0,0,0,0,-1,0,792.4242,0.00046730000000000003
3655547600,7.5876006000016787,0.8878279,-64.24054,-88.3858643,-0.232910827,-0.026379548,-0.171468228,0.9568988,0.01110237,0.2790902,-0.3699979,-0.0292920861,0.8420191,-0.374451846,0,0,0,0,-1,0,753.628357,0.060576800000000007
3685590200,7.6176430000014079,0.889451146,-64.43674,-88.23966,-0.228423312,-0.0254765768,-0.171761379,0.9579519,0.01110237,0.277866125,-0.3691829,-0.0292920861,0.8317921,-0.374451846,0,0,0,0,-1,0,717.611267,0.030042600000000003
3686100100,7.6181532000009611,0.889451146,-64.43674,-88.23966,-0.227203041,-0.0252329912,-0.171837673,0.9582348,0.01110237,0.277866125,-0.3691829,-0.0292920861,0.8292354,-0.374451846,0,0,0,0,-1,0,779.7891,0.0005099
3728497300,7.6605503000009776,0.889451146,-64.43674,-88.23966,-0.227203041,-0.0252329912,-0.171837673,0.9582348,0.01110237,0.277866125,-0.3691829,-0.0292920861,0.8292354,-0.374451846,0,0,0,0,-1,0,741.979,0.0423972
3728931600,7.6609848000007332,0.867987335,-64.2408,-87.1657944,-0.231356755,-0.02656928,-0.171480566,0.9572683,0.0106911715,0.283170462,-0.358995736,-0.02801372,0.8279571,-0.373173445,0,0,0,0,-1,0,820.0079,0.00043430000000000004
3754476500,7.68652960000145,0.8687498,-64.17446,-87.09448,-0.231746659,-0.02664015,-0.171465546,0.957174659,0.0106911715,0.283986539,-0.358180761,-0.02801372,0.8279571,-0.373173445,0,0,0,0,-1,0,780.964844,0.025544900000000002
3794351300,7.72640390000015,0.932950139,-61.5082779,-84.32183,-0.239968553,-0.03047703,-0.1708403,0.9551439,0.01110237,0.316220641,-0.325989336,-0.0203435011,0.8138949,-0.36806,0,0,0,0,-1,0,743.170532,0.0398748
3794816200,7.7268693000005442,0.9577347,-60.2136536,-82.08956,-0.231780872,-0.0316662751,-0.1658451,0.9580033,0.01110237,0.3341738,-0.3023551,-0.008838177,0.774265468,-0.3501628,0,0,0,0,-1,0,813.562,0.0004649
3828509600,7.7605621000002429,0.9577347,-60.2136536,-82.08956,-0.231780872,-0.0316662751,-0.1658451,0.9580033,0.01110237,0.3341738,-0.3023551,-0.008838177,0.774265468,-0.3501628,0,0,0,0,-1,0,774.367859,0.033693400000000005
3828920100,7.760972900001434,0.9465208,-61.3156166,-83.09956,-0.220951229,-0.0299845655,-0.1633113,0.9610468,0.01110237,0.321524978,-0.3145797,-0.006281438,0.764038563,-0.34249258,0,0,0,0,-1,0,857.452148,0.0004105
3855584200,7.7876364000003377,0.9459472,-61.2987938,-83.15122,-0.2207555,-0.0299507957,-0.1633196,0.9610914,0.01110237,0.321524978,-0.314987183,-0.006281438,0.764038563,-0.34249258,0,0,0,0,-1,0,816.4547,0.026664100000000003
3892236300,7.8242892000016582,0.9415396,-61.6289139,-83.54821,-0.219976351,-0.0288338941,-0.161181822,0.961665,0.01110237,0.3174447,-0.319469541,-0.007559807,0.7665953,-0.338657469,0,0,0,0,-1,0,776.996155,0.0366521
3892725800,7.82477900000049,0.942507,-61.1974068,-83.4610748,-0.217831865,-0.02872803,-0.160381943,0.9622898,0.01110237,0.321524978,-0.317432135,-0.006281438,0.7602035,-0.336100727,0,0,0,0,-1,0,840.2914,0.0004895
3928643600,7.8606965000017226,0.942507,-61.1974068,-83.4610748,-0.217217326,-0.0286219455,-0.160410464,0.9624271,0.01110237,0.321524978,-0.317432135,-0.006281438,0.7589251,-0.336100727,0,0,0,0,-1,0,799.6689,0.0359178
3929200800,7.8612536000000546,0.9436518,-61.3692551,-83.35796,-0.214793548,-0.02917805,-0.16054523,0.9629318,0.01110237,0.3203009,-0.317024618,-0.00372469914,0.7538116,-0.334822357,0,0,0,0,-1,0,849.4198,0.0005572
3965308800,7.8973614000005909,0.9436518,-61.3692551,-83.35796,-0.214793548,-0.02917805,-0.16054523,0.9629318,0.01110237,0.3203009,-0.317024618,-0.00372469914,0.7538116,-0.334822357,0,0,0,0,-1,0,808.333557,0.036108
3987773100,7.9198256000017864,0.946135342,-61.48849,-83.13428,-0.213605091,-0.0298111569,-0.162146971,0.9629084,0.01110237,0.319892853,-0.31539467,-0.00244633,0.749976456,-0.3373791,0,0,0,0,-1,0,770.142639,0.022464300000000003
3988316600,7.92036950000147,0.9474724,-61.5738144,-83.013855,-0.213305369,-0.0303177238,-0.164619192,0.9625395,0.01110237,0.31948483,-0.3145797,-0.00244633,0.7486981,-0.34249258,0,0,0,0,-1,0,823.631836,0.0005435
4025735300,7.9577878000000055,0.9474724,-61.5738144,-83.013855,-0.213305369,-0.0303177238,-0.164619192,0.9625395,0.01110237,0.31948483,-0.3145797,-0.00244633,0.7486981,-0.34249258,0,0,0,0,-1,0,783.7865,0.0374187
4026154500,7.9582077000013669,0.9532128,-61.7408943,-82.49683,-0.213802963,-0.0319441147,-0.169212848,0.9615794,0.01110237,0.31948483,-0.310504854,-0.00116796058,0.7461414,-0.351441145,0,0,0,0,-1,0,863.872,0.00041920000000000005
4063666800,7.9957195000006323,0.9532128,-61.7408943,-82.49683,-0.213802963,-0.0319441147,-0.169212848,0.9615794,0.01110237,0.31948483,-0.310504854,-0.00116796058,0.7461414,-0.351441145,0,0,0,0,-1,0,822.0113,0.037512300000000005
4088631700,8.0206847000008565,0.9972628,-61.9359,-81.7375259,-0.215140179,-0.034517,-0.175864339,0.9599974,0.0115135685,0.319892853,-0.304392546,0.00138877821,0.7435847,-0.364224851,0,0,0,0,-1,0,782.9135,0.0249649
4089098700,8.0211518000014621,1.07403982,-62.0299759,-81.2887,-0.215410739,-0.0361396968,-0.180054918,0.95909977,0.0123359663,0.3203009,-0.300725132,0.003945517,0.7410279,-0.371895075,0,0,0,0,-1,0,850.8342,0.000467
4121313300,8.0533661000008578,1.07403982,-62.0299759,-81.2887,-0.215410739,-0.0361396968,-0.180054918,0.95909977,0.0123359663,0.3203009,-0.300725132,0.003945517,0.7410279,-0.371895075,0,0,0,0,-1,0,809.8446,0.0322146
4121821700,8.0538748000017222,1.19483387,-62.331974,-80.30291,-0.21609959,-0.0394963659,-0.18568331,0.95773834,0.0135695636,0.3203009,-0.2929829,0.010337363,0.7359144,-0.3808437,0,0,0,0,-1,0,867.700134,0.0005084
4163024600,8.0950768000002427,1.19553983,-62.3476563,-80.25089,-0.216294587,-0.0395347923,-0.185672641,0.9576948,0.0135695636,0.3203009,-0.292575419,0.010337363,0.7359144,-0.3808437,0,0,0,0,-1,0,825.5286,0.0412029
4194224000,8.1262768000015058,1.32919681,-62.19068,-78.56514,-0.217788965,-0.0475337468,-0.192925423,0.9555566,0.01480316,0.326013267,-0.277498424,0.0269561652,0.726965845,-0.388513863,0,0,0,0,-1,0,785.8548,0.031199400000000002
4194678600,8.1267319000016869,1.35242188,-61.92627,-76.99633,-0.218227372,-0.05216946,-0.196592867,0.9544666,0.01480316,0.332133681,-0.263236374,0.03590475,0.7154605,-0.392348975,0,0,0,0,-1,0,856.5489,0.00045460000000000005
4222130900,8.1541839000001346,1.35293579,-61.8889656,-76.96161,-0.218421668,-0.05221017,-0.196579337,0.9544227,0.01480316,0.3325417,-0.2628289,0.03590475,0.7154605,-0.392348975,0,0,0,0,-1,0,815.5428,0.027452300000000002
4222680100,8.1547330000012153,1.3873837,-61.8357239,-74.63471,-0.220546246,-0.05612749,-0.19940874,0.9531239,0.01480316,0.3382541,-0.242862046,0.0422965959,0.701398432,-0.3961841,0,0,0,0,-1,0,865.8072,0.0005492
4253416000,8.1854690000000119,1.388678,-61.8104935,-74.5472946,-0.220323071,-0.0560925454,-0.199401423,0.9531791,0.01480316,0.3386621,-0.242047071,0.0422965959,0.7001201,-0.3961841,0,0,0,0,-1,0,824.1436,0.030735900000000003
4287025000,8.2190781000008428,1.42107224,-61.2956047,-72.3591156,-0.218180031,-0.0590952039,-0.201651365,0.9530173,0.01480316,0.347638667,-0.222080231,0.04868845,0.6771094,-0.398740828,0,0,0,0,-1,0,784.424133,0.033609
4287512300,8.2195655000014085,1.41185963,-60.76165,-70.2562,-0.212033018,-0.0611369871,-0.202120528,0.9541759,0.0143919615,0.356207252,-0.202928349,0.05508029,0.646428645,-0.3974625,0,0,0,0,-1,0,847.809143,0.0004873
4329612500,8.2616655000001629,1.41185963,-60.76165,-70.2562,-0.212033018,-0.0611369871,-0.202120528,0.9541759,0.0143919615,0.356207252,-0.202928349,0.05508029,0.646428645,-0.3974625,0,0,0,0,-1,0,806.6063,0.042100200000000004
4330165200,8.2622184000010748,1.4660573,-60.10184,-66.49063,-0.206599444,-0.06300325,-0.19573456,0.956574738,0.0143919615,0.36804,-0.16992195,0.064028874,0.602964,-0.382122,0,0,0,0,-1,0,856.741,0.0005527
4359344700,8.2913973000013357,1.4660573,-60.10184,-66.49063,-0.206599444,-0.06300325,-0.19573456,0.956574738,0.0143919615,0.36804,-0.16992195,0.064028874,0.602964,-0.382122,0,0,0,0,-1,0,815.6175,0.0291795
4390183900,8.32223680000061,1.45294344,-59.5807266,-64.4323,-0.199585035,-0.06524799,-0.1891441,0.959235668,0.0139807621,0.37538448,-0.151585042,0.07425583,0.571004748,-0.365503222,0,0,0,0,-1,0,776.457947,0.0308392
4390675100,8.32272820000071,1.267681,-59.0608444,-62.0484848,-0.193686038,-0.06822589,-0.182734519,0.9614776,0.0119247679,0.382728964,-0.130803213,0.08320442,0.5390455,-0.3501628,0,0,0,0,-1,0,839.4266,0.0004912
4424016600,8.3560690000012983,1.268966,-59.0749741,-61.94074,-0.1940774,-0.06830128,-0.182702035,0.961399436,0.0119247679,0.382728964,-0.129988238,0.08320442,0.5390455,-0.3501628,0,0,0,0,-1,0,798.9549,0.0333415
4424567600,8.3566206000014063,1.03304815,-58.5451126,-59.12354,-0.188329712,-0.072196804,-0.178380772,0.963067949,0.009457574,0.390073448,-0.105946533,0.092153,0.504529536,-0.339935839,0,0,0,0,-1,0,849.7513,0.00055100000000000006
4467929800,8.3999824000002263,1.03304815,-58.5451126,-59.12354,-0.188329712,-0.072196804,-0.178380772,0.963067949,0.009457574,0.390073448,-0.105946533,0.092153,0.504529536,-0.339935839,0,0,0,0,-1,0,808.4168,0.043362200000000004
4504992300,8.4370451000013418,0.885620236,-58.1883,-54.9969635,-0.1817267,-0.0781427845,-0.176184341,0.964276,0.007812778,0.396193832,-0.072532624,0.1049367,0.459786624,-0.334822357,0,0,0,0,-1,0,769.345032,0.037062500000000005
4505546700,8.4375998000014079,0.6724269,-57.21468,-51.5453072,-0.173496515,-0.08254862,-0.1751051,0.965620458,0.005756784,0.4059865,-0.0427861,0.113885283,0.4150437,-0.333544,0,0,0,0,-1,0,821.065369,0.0005544
4521621100,8.45367410000108,0.6724269,-57.21468,-51.5453072,-0.173496515,-0.08254862,-0.1751051,0.965620458,0.005756784,0.4059865,-0.0427861,0.113885283,0.4150437,-0.333544,0,0,0,0,-1,0,783.1226,0.016074400000000003
4521999900,8.454053000001295,0.5846262,-56.63492,-49.87095,-0.170201719,-0.08503633,-0.174196959,0.9661551,0.004934387,0.411290824,-0.02811658,0.118998758,0.3945898,-0.332265615,0,0,0,0,-1,0,875.9623,0.00037880000000000005
4541012900,8.4730650000001333,0.53654635,-56.5895348,-49.72953,-0.170136109,-0.08524572,-0.174161151,0.9661547,0.004523188,0.411698848,-0.0268941186,0.118998758,0.393311441,-0.332265615,0,0,0,0,-1,0,834.793945,0.019013000000000002
4588986100,8.5210388000014063,0.347622544,-55.836647,-47.5806465,-0.164231688,-0.08853742,-0.1736332,0.966975,0.002878392,0.4182273,-0.008149733,0.1253906,0.363908947,-0.332265615,0,0,0,0,-1,0,794.0965,0.0479732
4589419000,8.52147210000112,-0.156325027,-53.6341248,-41.6271,-0.153837487,-0.0951100662,-0.170528471,0.9686115,-0.0012335967,0.4353644,0.0436010733,0.136895925,0.293598622,-0.330987245,0,0,0,0,-1,0,869.8918,0.0004329
4654120400,8.5861734000009164,-0.156325027,-53.6341248,-41.6271,-0.153837487,-0.0951100662,-0.170528471,0.9686115,-0.0012335967,0.4353644,0.0436010733,0.136895925,0.293598622,-0.330987245,0,0,0,0,-1,0,827.17,0.0647014
4654621600,8.5866744000013568,-0.6691467,-50.0995369,-32.74221,-0.144908413,-0.102304175,-0.16489321,0.970229745,-0.004934387,0.457805872,0.120208569,0.149679616,0.201556042,-0.329708874,0,0,0,0,-1,0,885.5721,0.0005012
4695113000,8.6271650000016962,-0.6691467,-50.0995369,-32.74221,-0.144908413,-0.102304175,-0.16489321,0.970229745,-0.004934387,0.457805872,0.120208569,0.149679616,0.201556042,-0.329708874,0,0,0,0,-1,0,842.5283,0.040491400000000004
4717110200,8.6491624000009324,-0.936363935,-47.4736862,-26.0298157,-0.138373986,-0.107896835,-0.160353765,0.971338034,-0.006579182,0.4704547,0.176849231,0.161184937,0.133802459,-0.329708874,0,0,0,0,-1,0,802.6749,0.0219972
4717655700,8.6497087000007014,-1.08299053,-45.99836,-22.03385,-0.135292172,-0.110259622,-0.157457858,0.9719804,-0.00740158,0.475759059,0.209855631,0.166298419,0.09545137,-0.329708874,0,0,0,0,-1,0,854.2002,0.00054550000000000009
4743410600,8.6754632000011043,-1.08398592,-45.91594,-21.8993664,-0.135266379,-0.110249266,-0.157356173,0.9720016,-0.00740158,0.476167053,0.211078092,0.166298419,0.09417301,-0.329708874,0,0,0,0,-1,0,813.4316,0.0257549
4743983700,8.67603660000168,-1.17886448,-44.1760864,-17.4637985,-0.131431147,-0.112765469,-0.15382728,0.9728037,-0.007812778,0.481471419,0.247751892,0.172690272,0.0507084467,-0.329708874,0,0,0,0,-1,0,860.0048,0.0005731
4770779700,8.7028324000002613,-1.1805104,-44.1226158,-17.2531319,-0.131604508,-0.112781584,-0.15370056,0.9727984,-0.007812778,0.481471419,0.249381855,0.172690272,0.049430076,-0.329708874,0,0,0,0,-1,0,818.870544,0.026796
4796826900,8.7288798000008683,-1.21783137,-42.1432037,-12.4763193,-0.128163531,-0.114219084,-0.149137154,0.9737999,-0.007812778,0.486367732,0.288908035,0.17780374,0.00340878,-0.3284305,0,0,0,0,-1,0,779.8466,0.026047200000000003
4797329600,8.7293826000004628,-1.25346076,-40.0181,-7.916009,-0.1262014,-0.1140349,-0.146196738,0.974523365,-0.007812778,0.491264045,0.327211827,0.179082125,-0.0387774073,-0.329708874,0,0,0,0,-1,0,840.3172,0.0005027
4825140700,8.7571936000003916,-1.25346076,-40.0181,-7.916009,-0.1262014,-0.1140349,-0.146196738,0.974523365,-0.007812778,0.491264045,0.327211827,0.179082125,-0.0387774073,-0.329708874,0,0,0,0,-1,0,800.0992,0.027811100000000002
4825576400,8.7576297000014165,-1.3597225,-37.4379425,-3.01737356,-0.124749742,-0.114458069,-0.14220427,0.9752512,-0.008223978,0.496976435,0.3691829,0.181638852,-0.08352034,-0.329708874,0,0,0,0,-1,0,874.8521,0.0004357
4859115700,8.7911685000017314,-1.3597225,-37.4379425,-3.01737356,-0.124749742,-0.114458069,-0.14220427,0.9752512,-0.008223978,0.496976435,0.3691829,0.181638852,-0.08352034,-0.329708874,0,0,0,0,-1,0,832.6003,0.0335393
4884883100,8.8169358000013744,-1.4756912,-34.3127747,2.53874373,-0.118557811,-0.112286985,-0.136990964,0.977020562,-0.008635176,0.502688766,0.417266339,0.181638852,-0.144882068,-0.3284305,0,0,0,0,-1,0,792.9107,0.025767400000000003
4885329500,8.8173826000002009,-1.65279114,-32.3436241,6.403244,-0.112773396,-0.110691473,-0.1338389,0.97832346,-0.009457574,0.503912866,0.449865282,0.181638852,-0.189625,-0.3284305,0,0,0,0,-1,0,865.272339,0.0004464
4921433200,8.85348630000044,-1.65279114,-32.3436241,6.403244,-0.112773396,-0.110691473,-0.1338389,0.97832346,-0.009457574,0.503912866,0.449865282,0.181638852,-0.189625,-0.3284305,0,0,0,0,-1,0,823.3936,0.0361037
4921982100,8.85403530000076,-2.06853724,-29.5410557,11.3028879,-0.107382111,-0.106675595,-0.129016489,0.98002255,-0.0115135685,0.505953,0.4922439,0.176525384,-0.244594872,-0.3245954,0,0,0,0,-1,0,873.3152,0.00054890000000000006
4958866200,8.890919200001008,-2.07019067,-29.4639263,11.4464922,-0.107361875,-0.106632024,-0.128915489,0.9800428,-0.0115135685,0.505953,0.493466347,0.176525384,-0.245873243,-0.3245954,0,0,0,0,-1,0,831.005,0.0368841
4993905700,8.9259583000002749,-2.12477612,-26.02876,16.18724,-0.101715513,-0.100140221,-0.124037668,0.9819575,-0.0115135685,0.5108493,0.5370674,0.16885516,-0.303399861,-0.319481969,0,0,0,0,-1,0,790.8817,0.0350395
4994344400,8.9263974000004964,-2.25021386,-22.34906,20.341917,-0.09743367,-0.091474466,-0.1225816,0.983419,-0.0119247679,0.5177858,0.577816069,0.1547931,-0.355813,-0.3169252,0,0,0,0,-1,0,865.3107,0.00043870000000000004
5019115300,8.9511684000008245,-2.25021386,-22.34906,20.341917,-0.09743367,-0.091474466,-0.1225816,0.983419,-0.0119247679,0.5177858,0.577816069,0.1547931,-0.355813,-0.3169252,0,0,0,0,-1,0,824.0637,0.024770900000000002
5019484500,8.95153780000146,-2.28099084,-19.7672634,22.9227123,-0.0931682661,-0.0820499063,-0.122589253,0.984662056,-0.0119247679,0.5230901,0.604302764,0.1381743,-0.3941641,-0.313090116,0,0,0,0,-1,0,918.2885,0.00036920000000000003
5051874900,8.9839273000015964,-2.28099084,-19.7672634,22.9227123,-0.0931682661,-0.0820499063,-0.122589253,0.984662056,-0.0119247679,0.5230901,0.604302764,0.1381743,-0.3941641,-0.313090116,0,0,0,0,-1,0,873.9177,0.0323904
5094172600,9.0262252000011358,-2.314602,-16.2228947,25.7411766,-0.08989923,-0.06928687,-0.116889179,0.98663795,-0.0119247679,0.532474756,0.636086643,0.115163647,-0.437628657,-0.2939145,0,0,0,0,-1,0,831.403931,0.0422977
5094699400,9.0267525000017486,-2.42774177,-10.8736649,28.441925,-0.08671169,-0.0516476259,-0.109148949,0.9888884,-0.0123359663,0.55206,0.674390435,0.08064768,-0.488763422,-0.263233662,0,0,0,0,-1,0,884.7464,0.0005268
5125558100,9.0576109000012366,-2.42895961,-10.7254753,28.54064,-0.08675815,-0.0510881171,-0.109459653,0.988878965,-0.0123359663,0.552468061,0.675612867,0.07936931,-0.490041822,-0.263233662,0,0,0,0,-1,0,842.1294,0.030858700000000003
5126010400,9.0580634000016289,-2.29200053,-6.977304,30.7107124,-0.0813671,-0.037686605,-0.111017376,0.98976475,-0.0115135685,0.5638928,0.7045444,0.0525235534,-0.533506334,-0.253006727,0,0,0,0,-1,0,910.569031,0.00045230000000000004
5155658400,9.0877111000008881,-2.29295349,-6.906882,30.79348,-0.0812052,-0.03712595,-0.111367151,0.98976,-0.0115135685,0.5638928,0.7053594,0.0512451828,-0.534784734,-0.253006727,0,0,0,0,-1,0,866.727051,0.029648
5187932600,9.1199851000001217,-2.23644519,-3.40046644,33.0802574,-0.07665636,-0.0258461609,-0.114877217,0.9900803,-0.01110237,0.572461367,0.734290957,0.0269561652,-0.575692534,-0.246614873,0,0,0,0,-1,0,824.939941,0.0322742
5188450000,9.1205030000000988,-2.18065763,-0.0224172268,35.6103172,-0.07034778,-0.0175113063,-0.118917316,0.9902541,-0.0106911715,0.578173637,0.764444947,0.009058994,-0.6204355,-0.244058132,0,0,0,0,-1,0,880.329956,0.0005174
5231151900,9.16320430000087,-2.18065763,-0.0224172268,35.6103172,-0.07034778,-0.0175113063,-0.118917316,0.9902541,-0.0106911715,0.578173637,0.764444947,0.009058994,-0.6204355,-0.244058132,0,0,0,0,-1,0,837.4844,0.0427019
5231611500,9.16366470000139,-2.21107578,4.082277,38.4553757,-0.0648339242,-0.008376451,-0.122862585,0.9902683,-0.0106911715,0.5851102,0.7998963,-0.0126732849,-0.6690135,-0.237666309,0,0,0,0,-1,0,904.4004,0.0004596
5258090200,9.19014270000116,-2.21107578,4.082277,38.4553757,-0.0648339242,-0.008376451,-0.122862585,0.9902683,-0.0106911715,0.5851102,0.7998963,-0.0126732849,-0.6690135,-0.237666309,0,0,0,0,-1,0,861.068665,0.0264787
5289557900,9.2216108000011445,-2.22787881,6.503206,40.02697,-0.06387081,0.0009411606,-0.124910682,0.9901096,-0.0106911715,0.5891904,0.820270658,-0.0369623,-0.6933025,-0.224882588,0,0,0,0,-1,0,819.6042,0.0314677
5290125000,9.2221781000007468,-2.24984074,9.312154,42.08111,-0.0662194937,0.0153917819,-0.1257531,0.9897294,-0.0106911715,0.5920466,0.8455348,-0.07659175,-0.7163132,-0.198036835,0,0,0,0,-1,0,866.7919,0.00056710000000000007
5319362700,9.2514158000012685,-2.250611,9.393509,42.15316,-0.06602748,0.0158379544,-0.126227319,0.9896748,-0.0106911715,0.5920466,0.8463498,-0.07787012,-0.7175915,-0.198036835,0,0,0,0,-1,0,825.1624,0.029237700000000002
5319877800,9.2519308000009914,-2.0957706,12.1804552,44.0069427,-0.066948466,0.0263997614,-0.119789526,0.9901876,-0.009868774,0.595310867,0.8703915,-0.105994247,-0.7406022,-0.163520873,0,0,0,0,-1,0,880.972839,0.0005151
5361745900,9.293798800001241,-2.09616017,12.3086195,44.0464325,-0.0673663244,0.0268353242,-0.119627744,0.9901671,-0.009868774,0.595718861,0.871206462,-0.107272618,-0.7406022,-0.1622425,0,0,0,0,-1,0,838.1184,0.041868100000000005
5393053400,9.32510640000146,-1.59168863,16.4734669,46.6932144,-0.06390719,0.0370369032,-0.109997965,0.99118346,-0.00740158,0.60020715,0.9066578,-0.134118378,-0.782788336,-0.120056309,0,0,0,0,-1,0,797.8096,0.0313075
5393469900,9.3255231000002823,-1.24556541,19.2994041,48.0124,-0.0570797659,0.0410739332,-0.106026173,0.9918736,-0.005756784,0.6055115,0.9278471,-0.1456237,-0.8173043,-0.100880772,0,0,0,0,-1,0,877.9671,0.00041650000000000004
5418503700,9.3505567000011069,-1.24556541,19.2994041,48.0124,-0.0570797659,0.0410739332,-0.106026173,0.9918736,-0.005756784,0.6055115,0.9278471,-0.1456237,-0.8173043,-0.100880772,0,0,0,0,-1,0,836.06604,0.025033800000000002
5418964700,9.3510180000012042,-1.072306,21.6294422,48.9611778,-0.0512303151,0.04319515,-0.104295775,0.992286265,-0.004934387,0.6104078,0.94455415,-0.153293908,-0.845428467,-0.0893754438,0,0,0,0,-1,0,902.7226,0.00046100000000000004
5453401900,9.385454800001753,-1.07246625,21.7621,48.99364,-0.0516345575,0.0431527533,-0.104315341,0.9922651,-0.004934387,0.6108158,0.945369065,-0.153293908,-0.845428467,-0.0893754438,0,0,0,0,-1,0,859.0384,0.0344372
5494364000,9.4264169000016409,-1.076177,24.9574757,49.74566,-0.04263552,0.0452051349,-0.102709107,0.992768645,-0.004934387,0.620608568,0.9649284,-0.163520873,-0.8825012,-0.07531338,0,0,0,0,-1,0,817.3071,0.0409621
5494868700,9.426921800000855,-1.07483029,28.376091,49.4727325,-0.02905349,0.0466830656,-0.10065715,0.9934006,-0.004934387,0.6377457,0.9791904,-0.172469452,-0.923409,-0.06125132,0,0,0,0,-1,0,875.510559,0.00050470000000000007
5527986000,9.4600389000006544,-1.07481992,28.46491,49.470623,-0.0285883062,0.0466555022,-0.100063547,0.9934754,-0.004934387,0.6381537,0.9795979,-0.172469452,-0.9246874,-0.05997295,0,0,0,0,-1,0,833.2448,0.0331173
5528478300,9.4605314000000362,-1.07315409,31.2976131,49.1330261,-0.0200632587,0.04630399,-0.0982591,0.99388057,-0.004934387,0.6528426,0.991007566,-0.1750262,-0.9528115,-0.0523027331,0,0,0,0,-1,0,893.146667,0.0004923
5553273200,9.48532620000151,-1.07315409,31.2976131,49.1330261,-0.0200632587,0.04630399,-0.0982591,0.99388057,-0.004934387,0.6528426,0.991007566,-0.1750262,-0.9528115,-0.0523027331,0,0,0,0,-1,0,850.505859,0.0247949
5591660000,9.52371260000109,-1.07018816,33.5795059,48.5319672,-0.0101926355,0.044993557,-0.09599757,0.9943119,-0.004934387,0.6667155,0.998342335,-0.173747823,-0.979657233,-0.047189258,0,0,0,0,-1,0,809.2831,0.038386800000000006
5592100700,9.5241539000016928,-0.973984838,36.8982735,46.9800339,0.006339174,0.0438507237,-0.09196331,0.9947762,-0.004523188,0.6911971,1.00526953,-0.173747823,-1.01928663,-0.0369623,0,0,0,0,-1,0,882.2748,0.00044070000000000003
5626007400,9.558059900000444,-0.973984838,36.8982735,46.9800339,0.006339174,0.0438507237,-0.09196331,0.9947762,-0.004523188,0.6911971,1.00526953,-0.173747823,-1.01928663,-0.0369623,0,0,0,0,-1,0,839.6357,0.033906700000000005
5626496700,9.55855000000156,-0.96535337,39.7093239,45.0717735,0.0178042985,0.04328329,-0.0899454653,0.9948464,-0.004523188,0.7156787,1.008122,-0.1750262,-1.044854,-0.0305704549,0,0,0,0,-1,0,899.8407,0.0004893
5661765400,9.5938182000008965,-0.96535337,39.7093239,45.0717735,0.0178042985,0.04328329,-0.0899454653,0.9948464,-0.004523188,0.7156787,1.008122,-0.1750262,-1.044854,-0.0305704549,0,0,0,0,-1,0,856.266357,0.0352687
5688538200,9.6205909000000247,-0.955744565,42.7152519,42.9474564,0.027061794,0.04309799,-0.09030536,0.9946131,-0.004523188,0.742200434,1.01138186,-0.177582949,-1.06658638,-0.02801372,0,0,0,0,-1,0,815.3206,0.026772800000000003
5689034600,9.62108790000093,-0.8621875,44.6820641,41.3253365,0.03283335,0.04282621,-0.08997397,0.9944811,-0.004111989,0.760969639,1.01260436,-0.177582949,-1.07937,-0.0267353468,0,0,0,0,-1,0,875.2798,0.0004964
5719266800,9.6513192000002164,-0.8618788,44.7608376,41.25026,0.03283335,0.04282621,-0.08997397,0.9944811,-0.004111989,0.7617857,1.01260436,-0.177582949,-1.07937,-0.0267353468,0,0,0,0,-1,0,833.1697,0.0302322
5719691000,9.6517442000003939,-0.7688099,46.9717445,39.39116,0.0396796167,0.0421299264,-0.08915049,0.994335353,-0.00370079,0.7830031,1.0142343,-0.176304564,-1.09471047,-0.025456978,0,0,0,0,-1,0,909.3801,0.0004242
5761919200,9.6939718000012363,-0.7686678,47.0103035,39.35277,0.0396743752,0.0424443148,-0.08970342,0.9942725,-0.00370079,0.7834111,1.0142343,-0.177582949,-1.09471047,-0.025456978,0,0,0,0,-1,0,865.095154,0.0422282
5792265100,9.724318200000198,-0.762706041,49.85503,37.7418251,0.04580857,0.0414830334,-0.08961811,0.994057,-0.00370079,0.8054446,1.02116156,-0.177582949,-1.113886,-0.02417861,0,0,0,0,-1,0,823.488037,0.030345900000000002
5792724500,9.72477760000038,-0.759009659,51.89795,36.74302,0.0485321358,0.04197649,-0.0909534,0.993785739,-0.00370079,0.8201335,1.02727389,-0.1826964,-1.12539136,-0.02162187,0,0,0,0,-1,0,891.151245,0.00045940000000000005
5822344900,9.7543974000000162,-0.7589663,51.9815674,36.7313156,0.0489660129,0.041913528,-0.09098884,0.9937639,-0.00370079,0.8205415,1.02768135,-0.1826964,-1.12666976,-0.02162187,0,0,0,0,-1,0,848.281738,0.0296204
5822876300,9.7549293000010948,-0.754812539,53.7357826,35.6089058,0.0526960976,0.04274565,-0.09285496,0.99336493,-0.00370079,0.8348225,1.03175616,-0.18908827,-1.138175,-0.01906513,0,0,0,0,-1,0,899.95874,0.0005314
5854542100,9.7865947000009328,-0.7546632,53.7723,35.56857,0.0526960976,0.04274565,-0.09285496,0.99336493,-0.00370079,0.83523047,1.03175616,-0.18908827,-1.138175,-0.01906513,0,0,0,0,-1,0,856.5398,0.0316658
5894401000,9.82645390000107,-0.750475645,55.2121544,34.43704,0.05530966,0.0431955755,-0.09412655,0.993083656,-0.00370079,0.8482874,1.03420115,-0.192923367,-1.14584529,-0.0177867617,0,0,0,0,-1,0,814.9672,0.0398589
5894902900,9.826955700000326,-0.663135052,56.75299,33.2351379,0.0570422858,0.0436037332,-0.0954688,0.9928397,-0.003289591,0.862160265,1.03705359,-0.1954801,-1.152237,-0.0177867617,0,0,0,0,-1,0,873.8403,0.0005019
5926296600,9.8583492000016122,-0.662999153,56.78839,33.19382,0.0570422858,0.0436037332,-0.0954688,0.9928397,-0.003289591,0.862568259,1.03705359,-0.1954801,-1.152237,-0.0177867617,0,0,0,0,-1,0,831.7409,0.031393700000000004
5926769500,9.8588225000003149,-0.4128372,58.0544434,32.4465637,0.0570301153,0.0445065871,-0.0974371657,0.9926091,-0.00205599447,0.8723609,1.04072094,-0.198036835,-1.15607226,-0.01906513,0,0,0,0,-1,0,895.88446,0.00047290000000000006
5956558300,9.8886108000006061,-0.4128372,58.0544434,32.4465637,0.0570301153,0.0445065871,-0.0974371657,0.9926091,-0.00205599447,0.8723609,1.04072094,-0.198036835,-1.15607226,-0.01906513,0,0,0,0,-1,0,852.768738,0.0297888
5986495600,9.9185486000005767,-0.08229047,59.2424164,31.7732735,0.05766564,0.0452297367,-0.09824714,0.992459834,-0.000411198882,0.8813375,1.04438829,-0.1993152,-1.16118574,-0.01906513,0,0,0,0,-1,0,811.8005,0.029937300000000003
5986946900,9.91900010000063,0.164054766,60.3887558,31.13342,0.0576623268,0.0455461442,-0.0990847349,0.992362261,0.000822397764,0.889906049,1.04805565,-0.1993152,-1.16502082,-0.0203435011,0,0,0,0,-1,0,882.0015,0.0004513
6028816800,9.9608699000000342,0.164019987,60.423,31.0911369,0.0576847643,0.0457939766,-0.0990184546,0.9923562,0.000822397764,0.8903141,1.04805565,-0.200593576,-1.16502082,-0.01906513,0,0,0,0,-1,0,839.095642,0.0418699
6029289000,9.9613422000002174,0.327133,61.6227722,30.5395756,0.0579321273,0.04581198,-0.09989057,0.9922535,0.00164479553,0.898474634,1.052538,-0.200593576,-1.17013431,-0.0203435011,0,0,0,0,-1,0,903.0282,0.00047220000000000004
6059331600,9.9913846000017656,0.327133,61.6227722,30.5395756,0.0579321273,0.04581198,-0.09989057,0.9922535,0.00164479553,0.898474634,1.052538,-0.200593576,-1.17013431,-0.0203435011,0,0,0,0,-1,0,859.5411,0.030042600000000003
6088854600,10.020907700001771,0.3260721,62.3379936,29.89457,0.05796805,0.0454188026,-0.09937633,0.992321134,0.00164479553,0.905411065,1.05376053,-0.1993152,-1.17141259,-0.0203435011,0,0,0,0,-1,0,818.2576,0.029523
6089293900,10.021347100000639,0.325287342,62.91495,29.4174633,0.0579679422,0.04534454,-0.100065559,0.9922553,0.00164479553,0.9107154,1.0549829,-0.1993152,-1.172691,-0.02162187,0,0,0,0,-1,0,891.1622,0.00043930000000000005
6119644300,10.05169720000049,0.325287342,62.91495,29.4174633,0.0579679422,0.04534454,-0.100065559,0.9922553,0.00164479553,0.9107154,1.0549829,-0.1993152,-1.172691,-0.02162187,0,0,0,0,-1,0,848.251465,0.030350400000000003
6120058300,10.052111600001808,0.486934721,63.2949829,29.0134315,0.057717137,0.0460125431,-0.100668274,0.9921782,0.00246719341,0.9147957,1.05539048,-0.200593576,-1.172691,-0.02162187,0,0,0,0,-1,0,926.6118,0.00041400000000000003
6163999200,10.096051300000909,0.486934721,63.2949829,29.0134315,0.057717137,0.0460125431,-0.100668274,0.9921782,0.00246719341,0.9147957,1.05539048,-0.200593576,-1.172691,-0.02162187,0,0,0,0,-1,0,881.4191,0.043940900000000005
6193455700,10.125508200000695,0.566224337,63.7908173,28.3649464,0.058324188,0.0464458466,-0.101279035,0.9920603,0.002878392,0.9209161,1.05539048,-0.201871946,-1.17396939,-0.02162187,0,0,0,0,-1,0,839.0456,0.029456500000000004
6193966500,10.126019600000291,0.5653506,64.02084,28.0613842,0.05895183,0.0466743968,-0.101878241,0.9919511,0.002878392,0.9237723,1.05539048,-0.203150317,-1.17524779,-0.02162187,0,0,0,0,-1,0,894.979,0.00051080000000000006
6222608800,10.154661400001714,0.5653506,64.02084,28.0613842,0.05895183,0.0466743968,-0.101878241,0.9919511,0.002878392,0.9237723,1.05539048,-0.203150317,-1.17524779,-0.02162187,0,0,0,0,-1,0,851.9757,0.028642300000000002
6223032000,10.15508520000003,0.564224362,64.31532,27.6701279,0.0589140765,0.0469916277,-0.103082508,0.991813958,0.002878392,0.9274445,1.05539048,-0.204428688,-1.17524779,-0.0229002386,0,0,0,0,-1,0,927.524353,0.00042320000000000004
6253704100,10.185756300001231,0.564224362,64.31532,27.6701279,0.0589140765,0.0469916277,-0.103082508,0.991813958,0.002878392,0.9274445,1.05539048,-0.204428688,-1.17524779,-0.0229002386,0,0,0,0,-1,0,882.778259,0.0306721
6284988300,10.217041300000346,0.5632207,64.5758743,27.3214378,0.0589140765,0.0469916277,-0.103082508,0.991813958,0.002878392,0.9307087,1.05539048,-0.204428688,-1.17524779,-0.0229002386,0,0,0,0,-1,0,840.2376,0.031284200000000005
6285460400,10.21751360000053,0.5624663,64.77053,27.0593643,0.05892987,0.04643251,-0.101941973,0.991957247,0.002878392,0.933156848,1.05539048,-0.201871946,-1.17524779,-0.0229002386,0,0,0,0,-1,0,904.1355,0.00047210000000000004
6326810900,10.258863900000506,0.5624663,64.77053,27.0593643,0.05892987,0.04643251,-0.101941973,0.991957247,0.002878392,0.933156848,1.05539048,-0.201871946,-1.17524779,-0.0229002386,0,0,0,0,-1,0,860.1379,0.041350500000000005
6327260300,10.259313600001406,0.720738,65.25438,26.4015751,0.05808736,0.0449487381,-0.102448732,0.992023051,0.00370079,0.9392773,1.05539048,-0.191645,-1.17396939,-0.0331271924,0,0,0,0,-1,0,928.390442,0.00044940000000000003
6355450100,10.287502900000618,0.720738,65.25438,26.4015751,0.05808736,0.0449487381,-0.102448732,0.992023051,0.00370079,0.9392773,1.05539048,-0.191645,-1.17396939,-0.0331271924,0,0,0,0,-1,0,883.7446,0.0281898
6385617200,10.317670200000066,0.7194362,65.51079,26.0498276,0.0579382256,0.04380809,-0.104036853,0.991917551,0.00370079,0.9425415,1.05539048,-0.185253143,-1.17396939,-0.04207578,0,0,0,0,-1,0,841.214844,0.030167100000000002
6386088300,10.31814150000173,0.7176413,65.8614655,25.5648117,0.05782714,0.0426296368,-0.104991041,0.9918748,0.00370079,0.947029769,1.05539048,-0.1788613,-1.17396939,-0.0497459956,0,0,0,0,-1,0,905.2887,0.0004711
6418392200,10.350445000000036,0.7176413,65.8614655,25.5648117,0.05782714,0.0426296368,-0.104991041,0.9918748,0.00370079,0.947029769,1.05539048,-0.1788613,-1.17396939,-0.0497459956,0,0,0,0,-1,0,861.5721,0.0323039
6418929500,10.3509825000001,0.7955601,66.1783752,25.1222172,0.0583719872,0.04263033,-0.10636013,0.991696954,0.004111989,0.951110065,1.05539048,-0.177582949,-1.17524779,-0.0535811037,0,0,0,0,-1,0,911.551331,0.0005373
6460095000,10.392148100001577,0.7955601,66.1783752,25.1222172,0.05774739,0.0423841476,-0.105765045,0.991807759,0.004111989,0.951110065,1.05539048,-0.176304564,-1.17396939,-0.0535811037,0,0,0,0,-1,0,867.188354,0.0411655
6490688500,10.422735900001499,0.8733101,66.46204,24.7227173,0.0583185665,0.041827146,-0.1059937,0.9917736,0.004523188,0.9547823,1.05539048,-0.172469452,-1.17524779,-0.05741621,0,0,0,0,-1,0,825.463257,0.030593500000000003
6491149200,10.423202500000116,0.949935,66.79072,24.161726,0.0584849119,0.0418101139,-0.106062062,0.991757154,0.004934387,0.9596786,1.0549829,-0.1711911,-1.17524779,-0.0586945862,0,0,0,0,-1,0,892.7206,0.00046070000000000003
6520146000,10.452199000001201,0.949935,66.79072,24.161726,0.0584849119,0.0418101139,-0.106062062,0.991757154,0.004934387,0.9596786,1.0549829,-0.1711911,-1.17524779,-0.0586945862,0,0,0,0,-1,0,849.8089,0.028996800000000003
6520658700,10.452711900001304,0.9478212,67.02369,23.7333412,0.0586999319,0.0415516831,-0.105484575,0.991816938,0.004934387,0.963350832,1.05457544,-0.169912711,-1.17524779,-0.0586945862,0,0,0,0,-1,0,904.8414,0.0005127
6561960300,10.494012700000894,0.9478212,67.02369,23.7333412,0.0586999319,0.0415516831,-0.105484575,0.991816938,0.004934387,0.963350832,1.05457544,-0.169912711,-1.17524779,-0.0586945862,0,0,0,0,-1,0,860.809937,0.0413016
6592982400,10.525034800000867,0.94357866,67.1569443,22.873558,0.06075142,0.0416715629,-0.105456516,0.991691351,0.004934387,0.9694712,1.051723,-0.169912711,-1.17652607,-0.0586945862,0,0,0,0,-1,0,819.381165,0.0310221
6593519900,10.525573100001566,0.941628,67.23048,22.47824,0.0613309853,0.0417750366,-0.106067851,0.9915861,0.004934387,0.9723274,1.05050063,-0.169912711,-1.17652607,-0.05997295,0,0,0,0,-1,0,871.435364,0.0005375
6621830000,10.553882600001089,0.941628,67.23048,22.47824,0.0613309853,0.0417750366,-0.106067851,0.9915861,0.004934387,0.9723274,1.05050063,-0.169912711,-1.17652607,-0.05997295,0,0,0,0,-1,0,829.629761,0.0283101
6622312200,10.554365300000427,0.941406131,67.261116,22.43328,0.0613442324,0.0414942466,-0.105498292,0.9916578,0.004934387,0.972735465,1.05050063,-0.16863434,-1.17652607,-0.05997295,0,0,0,0,-1,0,891.8397,0.0004822
6655151400,10.587204300001758,0.941406131,67.261116,22.43328,0.0613442324,0.0414942466,-0.105498292,0.9916578,0.004934387,0.972735465,1.05050063,-0.16863434,-1.17652607,-0.05997295,0,0,0,0,-1,0,848.7703,0.0328392
6697699700,10.6297523000012,0.940384746,67.33637,22.2262936,0.0608963668,0.04130263,-0.105531223,0.9916899,0.004934387,0.974367559,1.050093,-0.16735597,-1.17524779,-0.06125132,0,0,0,0,-1,0,807.506958,0.042548300000000004
6698138600,10.630191900001591,1.01744843,67.23952,21.9825058,0.0616830252,0.04159226,-0.105514213,0.991631031,0.00534558576,0.97559166,1.04846323,-0.16735597,-1.17524779,-0.06125132,0,0,0,0,-1,0,881.0528,0.00043890000000000004
6726250800,10.658303800000795,1.01744843,67.23952,21.9825058,0.0616830252,0.04159226,-0.105514213,0.991631031,0.00534558576,0.97559166,1.04846323,-0.16735597,-1.17524779,-0.06125132,0,0,0,0,-1,0,838.778748,0.0281122
6726689400,10.658742500001608,0.9391838,67.23952,21.9829082,0.0610679127,0.04141687,-0.105477504,0.9916803,0.004934387,0.97559166,1.04846323,-0.16735597,-1.17396939,-0.06125132,0,0,0,0,-1,0,910.838867,0.00043860000000000004
6754537300,10.686590300001626,0.9391838,67.23952,21.9829082,0.0610679127,0.04141687,-0.105477504,0.9916803,0.004934387,0.97559166,1.04846323,-0.16735597,-1.17396939,-0.06125132,0,0,0,0,-1,0,867.0924,0.027847900000000002
6785842800,10.717895800000406,0.938294053,67.3614,21.8025951,0.0610946752,0.0408526,-0.104339562,0.9918225,0.004934387,0.9772238,1.04846323,-0.164799243,-1.17396939,-0.06125132,0,0,0,0,-1,0,825.334961,0.0313055
6786325000,10.718378200001098,1.01474667,67.44949,21.4770985,0.0608540662,0.0408439077,-0.103744969,0.991899967,0.00534558576,0.9796719,1.04764819,-0.163520873,-1.172691,-0.06125132,0,0,0,0,-1,0,887.759644,0.0004822
6827031500,10.759084400000575,1.01474667,67.44949,21.4770985,0.0608540662,0.0408439077,-0.103744969,0.991899967,0.00534558576,0.9796719,1.04764819,-0.163520873,-1.172691,-0.06125132,0,0,0,0,-1,0,844.6,0.0407065
6827480800,10.759534000000713,1.01058328,67.51291,20.69825,0.0622689463,0.0409913547,-0.103694186,0.9918114,0.00534558576,0.984976232,1.04479575,-0.163520873,-1.172691,-0.06125132,0,0,0,0,-1,0,913.6542,0.0004493
6859158800,10.791211300000214,1.01058328,67.51291,20.69825,0.0622689463,0.0409913547,-0.103694186,0.9918114,0.00534558576,0.984976232,1.04479575,-0.163520873,-1.172691,-0.06125132,0,0,0,0,-1,0,869.549866,0.031678000000000005
6888743400,10.820795900001031,1.00464535,67.33505,19.58747,0.06446162,0.0413133,-0.103568144,0.9916711,0.00534558576,0.991504669,1.039091,-0.163520873,-1.17141259,-0.06125132,0,0,0,0,-1,0,827.762451,0.029584600000000003
6889390500,10.821443300001192,0.999403954,67.0660858,18.6069622,0.0653130859,0.04206091,-0.105226509,0.991409361,0.00534558576,0.996809,1.03338611,-0.164799243,-1.16757751,-0.06380806,0,0,0,0,-1,0,863.642151,0.00064710000000000006
6920114300,10.852166400001806,0.999403954,67.0660858,18.6069622,0.0653130859,0.04206091,-0.105226509,0.991409361,0.00534558576,0.996809,1.03338611,-0.164799243,-1.16757751,-0.06380806,0,0,0,0,-1,0,822.087463,0.030723800000000002
6920566700,10.852619900000718,0.9176969,66.5980453,17.628418,0.06495085,0.04183636,-0.104445107,0.9915253,0.004934387,1.00129735,1.02645886,-0.1622425,-1.15990734,-0.0650864244,0,0,0,0,-1,0,891.504761,0.00045240000000000005
6984853300,10.916905500000212,0.9176969,66.5980453,17.628418,0.06495085,0.04183636,-0.104445107,0.9915253,0.004934387,1.00129735,1.02645886,-0.1622425,-1.15990734,-0.0650864244,0,0,0,0,-1,0,847.7073,0.0642866
7002043500,10.934096300001329,0.9835623,65.3479843,15.64348,0.06238731,0.0411033966,-0.107617505,0.9913813,0.00534558576,1.00904977,1.010567,-0.150737166,-1.13945341,-0.0829836,0,0,0,0,-1,0,808.2305,0.017190200000000003
7002526800,10.934580000001006,0.98006916,64.9241257,14.9900341,0.06174181,0.0404804163,-0.108984023,0.991298,0.00534558576,1.011498,1.00526953,-0.1456237,-1.13306153,-0.0906538144,0,0,0,0,-1,0,871.2744,0.00048330000000000004
7049296300,10.981349300000147,0.98006916,64.9241257,14.9900341,0.06174181,0.0404804163,-0.108984023,0.991298,0.00534558576,1.011498,1.00526953,-0.1456237,-1.13306153,-0.0906538144,0,0,0,0,-1,0,828.7798,0.046769500000000006
7049739400,10.981792700000369,0.895243347,64.06425,13.0780315,0.059209764,0.0392881259,-0.110267662,0.9913585,0.004934387,1.0200665,0.992230058,-0.1366751,-1.1151644,-0.102159135,0,0,0,0,-1,0,900.1821,0.00044310000000000004
7077487100,11.009539400001813,0.89509666,64.01876,13.0483084,0.05877423,0.0393160023,-0.110239506,0.9913865,0.004934387,1.0200665,0.991822541,-0.1366751,-1.113886,-0.102159135,0,0,0,0,-1,0,856.975,0.0277477
7123104700,11.055157300001156,0.8891652,63.4800949,11.8462534,0.05833442,0.0386713967,-0.110290363,0.99143213,0.004934387,1.02537084,0.983672857,-0.131561637,-1.10493743,-0.107272618,0,0,0,0,-1,0,815.2223,0.0456176
7130077200,11.062130100001013,0.880750537,62.796032,10.140955,0.0547743961,0.03619086,-0.112703823,0.991457462,0.004934387,1.03312337,0.9726707,-0.117499568,-1.08704031,-0.125169784,0,0,0,0,-1,0,781.6322,0.0069725
7153536300,11.085588400001143,0.8796051,62.7448845,9.908832,0.0540847443,0.0356906876,-0.113462888,0.9914269,0.004934387,1.03434753,0.9714482,-0.114942834,-1.0844835,-0.1290049,0,0,0,0,-1,0,744.681946,0.0234591
7154373500,11.086426500000016,0.802987754,63.1149979,9.175743,0.05111346,0.0340052061,-0.114448912,0.991530359,0.004523188,1.04046786,0.9710407,-0.108550988,-1.07809174,-0.1366751,-0.183944359,0.490162253,0.179067388,0,-1,0,767.1707,0.00083720000000000008
7185380300,11.117433000001256,0.802987754,63.1149979,9.175743,0.05111346,0.0340052061,-0.114448912,0.991530359,0.004523188,1.04046786,0.9710407,-0.108550988,-1.07809174,-0.1366751,-0.261457473,0.6632768,0.236863226,0,-1,0,730.424744,0.0310068
7214199800,11.146252000000459,0.7269629,63.48082,8.440076,0.0519217551,0.0333440676,-0.116534136,0.991268,0.004111989,1.0465883,0.9706332,-0.105994247,-1.07937,-0.143066958,-0.08637629,0.2595427,0.0660112,0,-1,0,695.6384,0.0288195
7215102100,11.147155100001328,0.6520138,63.4563141,7.831515,0.0531338528,0.0324597135,-0.118031174,0.9910559,0.00370079,1.05026054,0.9681883,-0.102159135,-1.07937,-0.149458811,-0.07309256,0.227950558,0.114301346,0,-1,0,716.270447,0.00090230000000000009
7248295700,11.180348600000798,0.651725054,63.4386063,7.75349855,0.0533634,0.03215278,-0.117484182,0.9911186,0.00370079,1.0506686,0.9677808,-0.100880772,-1.07937,-0.149458811,-0.07627736,0.243981376,0.07387882,0,-1,0,681.963257,0.033193600000000004
7249154000,11.181206700000985,0.6493438,63.5559769,7.11006,0.05291891,0.0313133374,-0.117709473,0.9911426,0.00370079,1.05515683,0.9661509,-0.09704567,-1.07681334,-0.153293908,-0.0327965319,0.103793658,0.03797291,0,-1,0,706.1198,0.0008583000000000001
7282268600,11.214321600000403,0.6493438,63.5559769,7.11006,0.05291891,0.0313133374,-0.117709473,0.9911426,0.00370079,1.05515683,0.9661509,-0.09704567,-1.07681334,-0.153293908,-0.033150468,0.105311356,0.021757191,0,-1,0,672.3237,0.0331146
7319456500,11.25150930000018,0.646727264,63.58193,6.4030447,0.0522926524,0.0301213451,-0.116740838,0.9913273,0.00370079,1.05964518,0.963705957,-0.091932185,-1.07297826,-0.155850649,-0.0108571993,0.0346309133,0.010382155,0,-1,0,640.052063,0.0371879
7320269300,11.252322400001503,0.64385885,63.8897667,5.627962,0.0515935272,0.02811101,-0.113467619,0.991802931,0.00370079,1.0657655,0.962891,-0.08426197,-1.07042146,-0.155850649,0,0,0,0,-1,0,669.5652,0.0008128
7343348100,11.275401100001545,0.6436826,63.91608,5.58033943,0.0515935272,0.02811101,-0.113467619,0.991802931,0.00370079,1.06617355,0.962891,-0.08426197,-1.07042146,-0.155850649,0,0,0,0,-1,0,638.2534,0.0230788
7344583000,11.276636200000212,0.6422712,64.12591,5.19897175,0.05097808,0.0274791457,-0.113644786,0.991832137,0.00370079,1.06943774,0.962891,-0.08170523,-1.069143,-0.15840739,0,0,0,0,-1,0,646.829834,0.0012349000000000001
7380103200,11.312155800000255,0.642156363,64.0813141,5.16792727,0.05118018,0.0275022648,-0.113639943,0.9918217,0.00370079,1.06943774,0.962483466,-0.08170523,-1.069143,-0.15840739,0,0,0,0,-1,0,615.896,0.0355202
7416463900,11.348516600000949,0.639742553,64.37504,4.51568747,0.0508566648,0.0258835535,-0.112197123,0.9920461,0.00370079,1.07474208,0.962076,-0.07531338,-1.06786478,-0.160964131,0,0,0,0,-1,0,586.4763,0.0363607
7416970000,11.349023100001432,0.707682,64.602005,3.75115776,0.0514663719,0.02554972,-0.112384982,0.99200207,0.004111989,1.08045447,0.9608535,-0.07275665,-1.06786478,-0.163520873,0,0,0,0,-1,0,655.9472,0.0005061
7455014500,11.387067500001649,0.707484663,64.62762,3.70315361,0.0514663719,0.02554972,-0.112384982,0.99200207,0.004111989,1.08086252,0.9608535,-0.07275665,-1.06786478,-0.163520873,0,0,0,0,-1,0,624.4641,0.0380445
7455448900,11.387502100000347,0.7047866,64.9142761,3.04701757,0.0510611,0.0252037514,-0.111831449,0.9920944,0.004111989,1.08616686,0.96044606,-0.07147828,-1.06658638,-0.163520873,0,0,0,0,-1,0,708.3422,0.00043440000000000004
7476568200,11.408621200000198,0.7047866,64.9142761,3.04701757,0.0510611,0.0252037514,-0.111831449,0.9920944,0.004111989,1.08616686,0.96044606,-0.07147828,-1.06658638,-0.163520873,0,0,0,0,-1,0,675.2926,0.0211193
7512435300,11.444488100001763,0.702746868,65.05259,2.55097532,0.0514794,0.0249454547,-0.11191871,0.9920695,0.004111989,1.0898391,0.9596311,-0.07019991,-1.06658638,-0.164799243,0,0,0,0,-1,0,642.922,0.0358671
7512899000,11.444952100000592,0.698726833,65.25531,1.573337,0.0512156077,0.0249922723,-0.111876704,0.992086649,0.004111989,1.09677553,0.9575936,-0.07019991,-1.06402957,-0.164799243,0,0,0,0,-1,0,718.604248,0.00046370000000000005
7550232000,11.482284400000935,0.698726833,65.25531,1.573337,0.0512156077,0.0249922723,-0.111876704,0.992086649,0.004111989,1.09677553,0.9575936,-0.07019991,-1.06402957,-0.164799243,0,0,0,0,-1,0,684.0133,0.037333000000000005
7550720500,11.482773600000655,0.6941512,65.63926,0.4605969,0.050577797,0.0246545654,-0.111306205,0.99219203,0.004111989,1.105344,0.9563712,-0.0689215362,-1.06147289,-0.164799243,0,0,0,0,-1,0,752.1668,0.0004885
7582298500,11.514351200001329,0.693951249,65.6636658,0.411970228,0.05121506,0.02468842,-0.111316405,0.99215734,0.004111989,1.10575211,0.9563712,-0.0689215362,-1.06275129,-0.164799243,0,0,0,0,-1,0,716.141846,0.031578
7611023800,11.543076500000097,0.6890262,66.01818,-0.7857666,0.05074921,0.024711227,-0.11127916,0.9921849,0.004111989,1.11472869,0.95474124,-0.0689215362,-1.06019449,-0.164799243,0,0,0,0,-1,0,682.0754,0.028725300000000002
7611653900,11.543707100001484,0.6832883,66.27743,-2.1811583,0.0508898832,0.0248018149,-0.111229114,0.992181063,0.004111989,1.12452137,0.951888859,-0.0689215362,-1.05763781,-0.164799243,0,0,0,0,-1,0,727.3241,0.00063010000000000008
7653232800,11.585285000001022,0.682956755,66.2566452,-2.26177716,0.05109204,0.024824433,-0.111224905,0.9921706,0.004111989,1.12492955,0.951481342,-0.0689215362,-1.05763781,-0.164799243,0,0,0,0,-1,0,692.1604,0.0415789
7653946600,11.58599950000098,0.674988,66.40027,-4.19971275,0.04992743,0.0245698374,-0.110574327,0.9923089,0.004111989,1.13757825,0.946184039,-0.0676431656,-1.04996753,-0.164799243,0,0,0,0,-1,0,727.600037,0.0007138
7686830900,11.618883700000879,0.6747849,66.4231,-4.24910069,0.04992743,0.0245698374,-0.110574327,0.9923089,0.004111989,1.13798618,0.946184039,-0.0676431656,-1.04996753,-0.164799243,0,0,0,0,-1,0,692.74054,0.032884300000000005
7718415700,11.650468300000284,0.66773957,66.15134,-5.96245146,0.0478003919,0.0250145718,-0.11093536,0.9923622,0.004111989,1.14737093,0.9388493,-0.0689215362,-1.03846228,-0.164799243,0,0,0,0,-1,0,659.6865,0.0315848
7719144800,11.651198000001386,0.6602409,65.91684,-7.78605843,0.04568794,0.02514203,-0.111394666,0.9924071,0.004111989,1.15757155,0.9315145,-0.0689215362,-1.02695692,-0.1660776,0,0,0,0,-1,0,695.2799,0.0007291
7744670100,11.67672290000155,0.6599026,65.89507,-7.868321,0.04590622,0.0251353439,-0.11075601,0.9924686,0.004111989,1.15797949,0.931107,-0.0689215362,-1.02695692,-0.164799243,0,0,0,0,-1,0,662.474731,0.0255253
7745190900,11.677243800000724,0.65297246,65.58783,-9.553658,0.0444310755,0.0252946,-0.111223742,0.9924794,0.004111989,1.16695619,0.9237723,-0.0689215362,-1.01673,-0.1660776,0,0,0,0,-1,0,725.3571,0.00052080000000000008
7777842900,11.709895600000891,0.65297246,65.58783,-9.553658,0.0444310755,0.0252946,-0.111223742,0.9924794,0.004111989,1.16695619,0.9237723,-0.0689215362,-1.01673,-0.1660776,0,0,0,0,-1,0,690.620544,0.032652
7818632100,11.750684500000716,0.6428479,64.9683762,-12.01586,0.0445917845,0.0252709109,-0.110476106,0.9925563,0.004111989,1.179197,0.9119551,-0.0676431656,-1.00522459,-0.1660776,0,0,0,0,-1,0,657.3153,0.040789200000000005
7819058900,11.751112100000682,0.6313103,64.02188,-14.821681,0.0431527644,0.0252873711,-0.110911377,0.992570937,0.004111989,1.19184577,0.8968781,-0.066364795,-0.987327456,-0.16863434,0,0,0,0,-1,0,741.600464,0.0004268
7853284000,11.785336300001291,0.6313103,64.02188,-14.821681,0.0431527644,0.0252873711,-0.110911377,0.992570937,0.004111989,1.19184577,0.8968781,-0.066364795,-0.987327456,-0.16863434,0,0,0,0,-1,0,705.9814,0.0342251
7853736400,11.785789600000498,0.6213215,63.0830765,-17.25086,0.0418848768,0.0237201583,-0.109346941,0.9928375,0.004111989,1.20204639,0.88302356,-0.05997295,-0.970708668,-0.1711911,0,0,0,0,-1,0,781.204,0.00045240000000000005
7880015100,11.812067900000329,0.6209709,63.0607,-17.33612,0.0414499342,0.023703156,-0.109332524,0.992857754,0.004111989,1.20245445,0.8826161,-0.05997295,-0.969430268,-0.1711911,0,0,0,0,-1,0,744.046448,0.026278700000000002
7915731400,11.847784200001115,0.6735344,62.3777466,-19.4440022,0.03871805,0.0224878173,-0.108356968,0.9931032,0.004523188,1.21183908,0.871614,-0.0548594743,-0.9528115,-0.173747823,0,0,0,0,-1,0,708.244,0.0357163
7916271000,11.84832390000156,0.720665336,61.31225,-22.3015614,0.03898619,0.022306839,-0.108379036,0.9930944,0.004934387,1.22367179,0.855721951,-0.0523027331,-0.937471032,-0.176304564,0,0,0,0,-1,0,765.493042,0.0005396
7951352700,11.883405500000663,0.720665336,61.31225,-22.3015614,0.03898619,0.022306839,-0.108379036,0.9930944,0.004934387,1.22367179,0.855721951,-0.0523027331,-0.937471032,-0.176304564,0,0,0,0,-1,0,728.6436,0.0350817
7951830900,11.8838839,0.7048024,59.5160866,-25.5163116,0.040569026,0.0225130916,-0.108816668,0.9929785,0.004934387,1.23346448,0.833310246,-0.0510243624,-0.9182955,-0.1788613,0,0,0,0,-1,0,796.7702,0.0004782
7989168000,11.921220900001572,0.7041882,59.4536743,-25.6407681,0.0403752141,0.0221050121,-0.108313076,0.993050635,0.004934387,1.23387253,0.8324952,-0.0497459956,-0.917017162,-0.1788613,0,0,0,0,-1,0,758.2708,0.037337100000000005
8011032400,11.943085200000496,0.746964037,57.6433258,-28.61659,0.0359767452,0.022089364,-0.109963633,0.993038654,0.00534558576,1.241625,0.810490966,-0.0484676249,-0.886336267,-0.183974773,0,0,0,0,-1,0,722.6441,0.021864400000000003
8011496000,11.943548900000678,0.7399641,56.42631,-29.9260445,0.0341440663,0.02223571,-0.110995814,0.992985249,0.00534558576,1.242441,0.7974514,-0.0484676249,-0.8697175,-0.186531514,0,0,0,0,-1,0,794.3635,0.00046360000000000005
8052582200,11.984635200000412,0.7399641,56.42631,-29.9260445,0.0341440663,0.02223571,-0.110995814,0.992985249,0.00534558576,1.242441,0.7974514,-0.0484676249,-0.8697175,-0.186531514,0,0,0,0,-1,0,755.8623,0.0410862
8053114400,11.985167300001194,1.00278306,53.57155,-32.8701859,0.0307815839,0.0227216575,-0.111465491,0.993031561,0.00740158,1.24284911,0.76688987,-0.0459108874,-0.832644761,-0.190366626,0,0,0,0,-1,0,812.01886,0.0005322
8083849200,12.015902000001006,1.0578804,53.49617,-32.94889,0.03114868,0.02299106,-0.112100311,0.992942452,0.007812778,1.24284911,0.766074955,-0.0459108874,-0.832644761,-0.191645,0,0,0,0,-1,0,773.044739,0.030734800000000003
8124221800,12.056274400001712,1.2608124,51.26788,-35.041523,0.030233901,0.0219198279,-0.112049282,0.9930007,0.009457574,1.24121714,0.7424407,-0.03951904,-0.8070774,-0.196758464,0,0,0,0,-1,0,735.631,0.0403726
8124692800,12.056746000000203,1.29420567,48.00717,-37.2127647,0.03311906,0.020727342,-0.117102079,0.992351055,0.009868774,1.23264837,0.7098417,-0.0331271924,-0.7802316,-0.2120989,0,0,0,0,-1,0,805.006531,0.000471
8158843000,12.090895600000295,1.29389846,47.91832,-37.2438965,0.03288766,0.0207145624,-0.117089123,0.9923606,0.009868774,1.23224056,0.709026754,-0.0331271924,-0.778953254,-0.2120989,0,0,0,0,-1,0,766.220337,0.034150200000000006
8159334700,12.091387600001326,1.28390694,44.99366,-38.2563057,0.0341140851,0.02080842,-0.1207989,0.99187243,0.009868774,1.21836746,0.682132661,-0.0318488255,-0.754664242,-0.221047491,0,0,0,0,-1,0,829.597351,0.00049170000000000008
8185282000,12.117334600001413,1.28390694,44.99366,-38.2563057,0.0341140851,0.02080842,-0.1207989,0.99187243,0.009868774,1.21836746,0.682132661,-0.0318488255,-0.754664242,-0.221047491,0,0,0,0,-1,0,790.0445,0.025947300000000003
8221138200,12.153190500001074,1.28251946,42.5540962,-38.3968849,0.0348066725,0.0197089426,-0.121876016,0.991739035,0.009868774,1.20245445,0.6617583,-0.02801372,-0.7354887,-0.226160958,0,0,0,0,-1,0,751.9367,0.035856200000000005
8221542200,12.153595300000234,1.282438,38.69719,-38.4051323,0.03390958,0.0189985968,-0.1239132,0.991531551,0.009868774,1.17552471,0.6303819,-0.025456978,-0.7022511,-0.232552812,0,0,0,0,-1,0,838.102234,0.000404
8256414200,12.188467200001469,1.282438,38.69719,-38.4051323,0.03390958,0.0189985968,-0.1239132,0.991531551,0.009868774,1.17552471,0.6303819,-0.025456978,-0.7022511,-0.232552812,0,0,0,0,-1,0,797.6309,0.034872
8256888000,12.188941100001102,1.28141165,34.64533,-38.50914,0.0320030563,0.0175763946,-0.12497329,0.991488039,0.009868774,1.14696288,0.597375453,-0.02162187,-0.665178359,-0.237666309,0,0,0,0,-1,0,863.2791,0.0004738
8280703200,12.21275610000157,1.28105962,34.5089264,-38.5448036,0.0319744274,0.0175810121,-0.124962427,0.9914903,0.009868774,1.14614677,0.596152961,-0.02162187,-0.6639,-0.237666309,0,0,0,0,-1,0,822.214661,0.0238152
8316393700,12.248446300000069,1.22675025,31.389349,-38.6429977,0.03197348,0.0160539076,-0.126822725,0.99127996,0.009457574,1.12370527,0.5708888,-0.0177867617,-0.6383326,-0.244058132,0,0,0,0,-1,0,782.5049,0.0356905
8316873600,12.248926700000084,1.22526169,26.2457314,-38.8003769,0.0297884475,0.013476328,-0.131152153,0.990823,0.009457574,1.08575881,0.529732645,-0.0113949152,-0.5923113,-0.256841838,0,0,0,0,-1,0,847.568,0.0004799
8355054900,12.287107600001036,1.22485232,26.0598621,-38.84367,0.03003324,0.0129661867,-0.130809575,0.9908677,0.009457574,1.08453476,0.5281027,-0.0101165464,-0.591033,-0.256841838,0,0,0,0,-1,0,806.499146,0.0381813
8355566000,12.287619200000336,1.21473062,19.4372463,-39.91386,0.0329395048,0.008646011,-0.134784639,0.990289569,0.009457574,1.03761172,0.472277075,0.00138877821,-0.5398982,-0.2709039,0,0,0,0,-1,0,864.0024,0.0005111
8387896600,12.31994880000093,1.21473062,19.4372463,-39.91386,0.0329395048,0.008646011,-0.134784639,0.990289569,0.009457574,1.03761172,0.472277075,0.00138877821,-0.5398982,-0.2709039,0,0,0,0,-1,0,822.348755,0.0323306
8414029700,12.346082600000955,0.9911424,12.6072779,-41.4908829,0.03792024,0.00180242141,-0.139068067,0.989554942,0.007812778,0.9886485,0.413191468,0.01672921,-0.488763422,-0.286244333,0,0,0,0,-1,0,783.1446,0.026133100000000003
8414449700,12.346503000000666,0.7756806,6.785528,-42.5924034,0.03924867,-0.00301344274,-0.14144899,0.9891626,0.006167983,0.9441736,0.364700556,0.0256777983,-0.441463768,-0.2939145,0,0,0,0,-1,0,863.035,0.00042
8449023900,12.381076500001654,0.7756806,6.785528,-42.5924034,0.03924867,-0.00301344274,-0.14144899,0.9891626,0.006167983,0.9441736,0.364700556,0.0256777983,-0.441463768,-0.2939145,0,0,0,0,-1,0,821.3294,0.0345742
8449561500,12.381614200001422,0.6128714,-1.49472284,-44.1468353,0.0375296,-0.0101626078,-0.144608885,0.9887247,0.004934387,0.8784814,0.297465265,0.0384614877,-0.3685967,-0.302863121,0,0,0,0,-1,0,873.26886,0.00053760000000000006
8487777500,12.419830500000899,0.6128714,-1.49472284,-44.1468353,0.0375296,-0.0101626078,-0.144608885,0.9887247,0.004934387,0.8784814,0.297465265,0.0384614877,-0.3685967,-0.302863121,0,0,0,0,-1,0,830.913757,0.038216
8519533700,12.451586200000747,0.6078183,-10.6072359,-45.170887,0.0270611141,-0.015796,-0.151405677,0.987974942,0.004934387,0.80218035,0.230637461,0.046131704,-0.279110849,-0.315646827,0,0,0,0,-1,0,790.942566,0.031756200000000005
8520061100,12.452114200001233,0.609838068,-17.4898548,-44.7615623,0.0133017767,-0.0214113537,-0.155135676,0.987571537,0.004934387,0.7417924,0.19070375,0.0525235534,-0.2100789,-0.322038651,0,0,0,0,-1,0,846.200134,0.0005274
8550969800,12.483022500000516,0.610217452,-17.71117,-44.68468,0.0130739734,-0.0214538779,-0.155162036,0.9875695,0.004934387,0.739752233,0.189888775,0.0525235534,-0.208800539,-0.322038651,0,0,0,0,-1,0,805.5078,0.0309087
8551592600,12.483645900001648,0.715502441,-24.6716156,-44.0628128,0.00131304946,-0.0295761582,-0.156658828,0.987208962,0.005756784,0.6789563,0.154437438,0.0653072447,-0.147438809,-0.3245954,0,0,0,0,-1,0,845.515,0.00062280000000000007
8582421300,12.514474200001132,0.715502441,-24.6716156,-44.0628128,0.00131304946,-0.0295761582,-0.156658828,0.987208962,0.005756784,0.6789563,0.154437438,0.0653072447,-0.147438809,-0.3245954,0,0,0,0,-1,0,804.861145,0.0308287
8621323900,12.55337690000124,1.03201389,-31.2674141,-42.86442,-0.0123732416,-0.0429857448,-0.157161534,0.9865594,0.008223978,0.621424556,0.12835829,0.0895962641,-0.08991219,-0.325873762,0,0,0,0,-1,0,765.9033,0.0389026
8621736900,12.553790100000697,1.10189557,-39.0748825,-40.74773,-0.0239313431,-0.06294023,-0.1584669,0.9850655,0.008635176,0.554100156,0.106761508,0.1253906,-0.0387774073,-0.3284305,0,0,0,0,-1,0,848.6735,0.000413
8654159700,12.58621260000109,1.10194993,-39.2715874,-40.74143,-0.02415884,-0.06298276,-0.158529162,0.9850472,0.008635176,0.552468061,0.105946533,0.1253906,-0.03749904,-0.3284305,0,0,0,0,-1,0,807.782,0.0324228
8654569600,12.586622900000293,1.11771762,-45.25923,-38.915493,-0.03727788,-0.0762400851,-0.159436181,0.9835537,0.008635176,0.5018727,0.09412942,0.14712289,0.00468714954,-0.3284305,0,0,0,0,-1,0,889.37384,0.00040990000000000004
8680359700,12.612412600001335,1.11771762,-45.25923,-38.915493,-0.03727788,-0.0762400851,-0.159436181,0.9835537,0.008635176,0.5018727,0.09412942,0.14712289,0.00468714954,-0.3284305,0,0,0,0,-1,0,846.8439,0.025790100000000003
8713532400,12.645585400001437,1.13181317,-49.55218,-37.2831955,-0.04729552,-0.0837593,-0.160191581,0.982388,0.008635176,0.4659664,0.08964706,0.15862821,0.031532906,-0.3284305,0,0,0,0,-1,0,806.0089,0.0331727
8713960300,12.646013500001573,0.9841122,-54.4503021,-35.3926773,-0.0577968843,-0.0919632763,-0.161073938,0.980947256,0.00740158,0.425571769,0.08638717,0.170133531,0.0583786629,-0.3284305,0,0,0,0,-1,0,882.5582,0.00042790000000000005
8753511800,12.685564200000954,0.9840438,-54.55411,-35.4019279,-0.0575971641,-0.09193037,-0.161094159,0.98095876,0.00740158,0.424755722,0.08597969,0.170133531,0.0583786629,-0.3284305,0,0,0,0,-1,0,839.6945,0.0395515
8753938600,12.685991900001682,0.7114293,-59.713562,-35.2640152,-0.06317903,-0.09777152,-0.162843481,0.979760766,0.00534558576,0.383953035,0.0709026754,0.17780374,0.08650279,-0.3284305,0,0,0,0,-1,0,914.860657,0.0004268
8790187500,12.72224020000067,0.7110675,-59.82213,-35.3317,-0.06278001,-0.09770503,-0.162885442,0.9797861,0.00534558576,0.383137,0.07008771,0.17780374,0.08650279,-0.3284305,0,0,0,0,-1,0,870.496948,0.0362489
8811650300,12.743702400000984,0.485884815,-64.28313,-37.05841,-0.06133651,-0.09953971,-0.165089384,0.979323864,0.00370079,0.348862767,0.04482353,0.180360481,0.109513439,-0.3284305,0,0,0,0,-1,0,829.3017,0.0214628
8812155200,12.744208300000537,0.214075774,-66.66497,-38.19669,-0.06139692,-0.101174556,-0.16650033,0.978913546,0.00164479553,0.330501556,0.0301540121,0.181638852,0.124853864,-0.3284305,0,0,0,0,-1,0,886.86615,0.00050490000000000008
8852523200,12.784576000000015,0.214075774,-66.66497,-38.19669,-0.06139692,-0.101174556,-0.16650033,0.978913546,0.00164479553,0.330501556,0.0301540121,0.181638852,0.124853864,-0.3284305,0,0,0,0,-1,0,843.7615,0.040368
8852990300,12.785043300000325,-0.5765043,-70.9692,-40.895565,-0.0603371151,-0.10393095,-0.169372246,0.978197753,-0.004523188,0.297043383,-0.000407486659,0.181638852,0.154256359,-0.3284305,0,0,0,0,-1,0,908.6169,0.0004671
8885997100,12.818049200001042,-0.6288022,-71.0732346,-40.9183426,-0.0602111071,-0.103472382,-0.169365928,0.9782552,-0.004934387,0.296227336,-0.0008149733,0.180360481,0.154256359,-0.3284305,0,0,0,0,-1,0,864.700867,0.0330068
8915378900,12.847431500000312,-0.728019,-72.73253,-41.88861,-0.0655212551,-0.103994675,-0.170736134,0.9776202,-0.005756784,0.283170462,-0.0118171135,0.179082125,0.175988644,-0.3284305,0,0,0,0,-1,0,823.167542,0.029381800000000003
8915849400,12.847902600000452,-0.7282291,-73.04545,-41.8521156,-0.07044322,-0.104120627,-0.171096742,0.9772014,-0.005756784,0.28072232,-0.0122246,0.17780374,0.1862156,-0.3284305,0,0,0,0,-1,0,888.2791,0.00047050000000000005
8958680500,12.890733400001409,-0.7282291,-73.04545,-41.8521156,-0.07044322,-0.104120627,-0.171096742,0.9772014,-0.005756784,0.28072232,-0.0122246,0.17780374,0.1862156,-0.3284305,0,0,0,0,-1,0,845.032532,0.042831100000000004
8959102400,12.891155500001332,-0.831903,-73.04478,-41.90709,-0.07451718,-0.105748087,-0.170916438,0.9767559,-0.006579182,0.28072232,-0.0126320859,0.179082125,0.195164159,-0.327152133,0,0,0,0,-1,0,921.2924,0.0004219
8986310600,12.918363300001147,-0.831903,-73.04478,-41.90709,-0.07451718,-0.105748087,-0.170916438,0.9767559,-0.006579182,0.28072232,-0.0126320859,0.179082125,0.195164159,-0.327152133,0,0,0,0,-1,0,877.0655,0.027208200000000002
9016466300,12.948519000001397,-1.089182,-73.0925446,-42.21999,-0.0755429938,-0.107554972,-0.171368048,0.9764006,-0.008635176,0.280314326,-0.0150770061,0.180360481,0.200277656,-0.327152133,0,0,0,0,-1,0,834.8703,0.0301557
9016916200,12.948969300001409,-1.44972646,-73.08909,-42.44096,-0.07718225,-0.108535171,-0.171074241,0.9762155,-0.0115135685,0.280314326,-0.0167069528,0.179082125,0.205391139,-0.325873762,0,0,0,0,-1,0,904.2626,0.00044990000000000004
9046513000,12.978565900000831,-1.44972646,-73.08909,-42.44096,-0.07711287,-0.108584478,-0.171698153,0.9761059,-0.0115135685,0.280314326,-0.0167069528,0.179082125,0.205391139,-0.327152133,0,0,0,0,-1,0,860.738831,0.029596800000000003
9046978200,12.979031400000167,-1.49879813,-73.24116,-42.6681366,-0.07744284,-0.108181246,-0.171851844,0.9760975,-0.0119247679,0.2790902,-0.0187443867,0.17780374,0.2079479,-0.327152133,0,0,0,0,-1,0,925.182556,0.00046520000000000003
9088497600,13.020550600000206,-1.49879813,-73.24116,-42.6681366,-0.07744284,-0.108181246,-0.171851844,0.9760975,-0.0119247679,0.2790902,-0.0187443867,0.17780374,0.2079479,-0.327152133,0,0,0,0,-1,0,880.1277,0.041519400000000005
9121069700,13.053122400000575,-1.54524744,-73.6485062,-43.09277,-0.0775118843,-0.107077256,-0.1720856,0.9761726,-0.0123359663,0.275826,-0.0228192527,0.175247014,0.211782977,-0.327152133,0,0,0,0,-1,0,837.6564,0.0325721
9121595700,13.053648500001145,-1.54396617,-73.85415,-43.19663,-0.07775775,-0.105823778,-0.172063276,0.9762937,-0.0123359663,0.274193883,-0.0240417123,0.172690272,0.213061348,-0.327152133,0,0,0,0,-1,0,890.830566,0.000526
9149048400,13.081101400000989,-1.54396617,-73.85415,-43.19663,-0.07775775,-0.105823778,-0.172063276,0.9762937,-0.0123359663,0.274193883,-0.0240417123,0.172690272,0.213061348,-0.327152133,0,0,0,0,-1,0,848.110352,0.0274527
9149542400,13.081595600000583,-1.54347765,-73.90521,-43.2362251,-0.07829337,-0.105262689,-0.1720652,0.976311147,-0.0123359663,0.273785859,-0.0244492,0.1714119,0.214339718,-0.327152133,0,0,0,0,-1,0,906.919434,0.00049400000000000008
9182870800,13.114923500001169,-1.54347765,-73.90521,-43.2362251,-0.07829337,-0.105262689,-0.1720652,0.976311147,-0.0123359663,0.273785859,-0.0244492,0.1714119,0.214339718,-0.327152133,0,0,0,0,-1,0,863.073669,0.0333284
9218216900,13.150270000000091,-1.54030859,-73.950676,-43.49311,-0.07792384,-0.105184674,-0.172207758,0.976324,-0.0123359663,0.273377836,-0.0264866333,0.1714119,0.215618089,-0.327152133,0,0,0,0,-1,0,821.3346,0.035346100000000005
9218660600,13.15071380000154,-1.53616071,-74.09726,-43.82933,-0.07674625,-0.1036955,-0.172205836,0.9765769,-0.0123359663,0.272153765,-0.02933904,0.16885516,0.215618089,-0.327152133,0,0,0,0,-1,0,892.9566,0.00044370000000000005
9255867900,13.187920200000008,-1.53616071,-74.09726,-43.82933,-0.07674625,-0.1036955,-0.172205836,0.9765769,-0.0123359663,0.272153765,-0.02933904,0.16885516,0.215618089,-0.327152133,0,0,0,0,-1,0,849.6526,0.037207300000000006
9256362600,13.188415500000701,-1.48124623,-74.13971,-44.13995,-0.0763210952,-0.10275922,-0.17228058,0.976696,-0.0119247679,0.271745741,-0.03178396,0.16757679,0.216896459,-0.327152133,0,0,0,0,-1,0,908.241333,0.0004947
9284405200,13.216457700000319,-1.48124623,-74.13971,-44.13995,-0.0763210952,-0.10275922,-0.17228058,0.976696,-0.0119247679,0.271745741,-0.03178396,0.16757679,0.216896459,-0.327152133,0,0,0,0,-1,0,864.612244,0.0280426
9329138100,13.261190400000487,-1.47788191,-74.28622,-44.4220657,-0.0752337947,-0.101927355,-0.1723224,0.976860166,-0.0119247679,0.270521641,-0.03422888,0.166298419,0.216896459,-0.327152133,0,0,0,0,-1,0,822.4994,0.044732900000000006
9329606400,13.26165950000177,-1.47529173,-74.2786,-44.639267,-0.07623027,-0.09886881,-0.172133729,0.9771305,-0.0119247679,0.270521641,-0.03585882,0.159906581,0.2194532,-0.327152133,0,0,0,0,-1,0,888.1436,0.00046830000000000005
9359142200,13.291194900000846,-1.47529173,-74.2786,-44.639267,-0.07623027,-0.09886881,-0.172133729,0.9771305,-0.0119247679,0.270521641,-0.03585882,0.159906581,0.2194532,-0.327152133,0,0,0,0,-1,0,845.4293,0.0295358
9359626200,13.291679400001158,-1.4231714,-74.27466,-44.7472725,-0.07640625,-0.09548586,-0.17179586,0.977512538,-0.0115135685,0.270521641,-0.0366738,0.153514728,0.2194532,-0.327152133,0,0,0,0,-1,0,906.4636,0.00048400000000000006
9386079600,13.31813190000139,-1.4231714,-74.27466,-44.7472725,-0.07640625,-0.09548586,-0.17179586,0.977512538,-0.0115135685,0.270521641,-0.0366738,0.153514728,0.2194532,-0.327152133,0,0,0,0,-1,0,863.0306,0.026453400000000002
9420263600,13.352315700001782,-1.26972747,-74.32307,-44.8396759,-0.07648494,-0.0923715755,-0.172119379,0.9777487,-0.0102799721,0.270113617,-0.0374887735,0.148401245,0.2194532,-0.3284305,0,0,0,0,-1,0,821.341736,0.034184
9420765200,13.35281810000015,-1.06507635,-74.472084,-45.0114822,-0.07568418,-0.08826469,-0.172346339,0.9781503,-0.008635176,0.268889546,-0.03911872,0.1420094,0.21817483,-0.329708874,0,0,0,0,-1,0,879.9557,0.0005016
9457316900,13.389369600001373,-1.06507635,-74.472084,-45.0114822,-0.07568418,-0.08826469,-0.172346339,0.9781503,-0.008635176,0.268889546,-0.03911872,0.1420094,0.21817483,-0.329708874,0,0,0,0,-1,0,837.3258,0.0365517
9457741700,13.389794900000197,-0.8100842,-74.67105,-45.2233734,-0.07472409,-0.08339152,-0.17374973,0.9784034,-0.006579182,0.267257422,-0.0411561541,0.134339184,0.216896459,-0.333544,0,0,0,0,-1,0,913.162,0.0004248
9489961500,13.42201440000099,-0.8100842,-74.67105,-45.2233734,-0.07535135,-0.0834913,-0.17378439,0.9783406,-0.006579182,0.267257422,-0.0411561541,0.134339184,0.21817483,-0.333544,0,0,0,0,-1,0,869.0557,0.0322198
9514110100,13.446163100001286,-0.6067057,-74.81939,-45.39636,-0.0743081942,-0.07961652,-0.177132875,0.978142858,-0.004934387,0.266033351,-0.0427861,0.127947345,0.216896459,-0.3412142,0,0,0,0,-1,0,827.673462,0.024148600000000003
9514516400,13.446569500001715,-0.5560954,-74.97457,-45.40759,-0.0748071447,-0.07790165,-0.180690736,0.977592,-0.004523188,0.264809281,-0.0431935862,0.124112234,0.21817483,-0.348884434,0,0,0,0,-1,0,909.351563,0.0004063
9551180700,13.483233600001768,-0.5560954,-74.97457,-45.40759,-0.0748071447,-0.07790165,-0.180690736,0.977592,-0.004523188,0.264809281,-0.0431935862,0.124112234,0.21817483,-0.348884434,0,0,0,0,-1,0,865.2477,0.036664300000000004
9551648300,13.483701500001189,-0.4546385,-75.02235,-45.5015144,-0.07468968,-0.0741714,-0.186485648,0.9768025,-0.00370079,0.264401257,-0.04400856,0.116442017,0.21817483,-0.36166814,0,0,0,0,-1,0,928.9143,0.00046760000000000004
9590101900,13.522155000000566,-0.4546385,-75.02235,-45.5015144,-0.0740635246,-0.07406195,-0.18645817,0.976863742,-0.00370079,0.264401257,-0.04400856,0.116442017,0.216896459,-0.36166814,0,0,0,0,-1,0,883.76886,0.038453600000000004
9611138800,13.543191700000534,-0.403681,-75.12013,-45.6357956,-0.0735613555,-0.0716847852,-0.191802755,0.97604394,-0.003289591,0.2635852,-0.04523102,0.11132855,0.216896459,-0.373173445,0,0,0,0,-1,0,841.9572,0.0210369
9611565400,13.543618700001389,-0.403727621,-75.17266,-45.6216278,-0.07378868,-0.0699630156,-0.193448439,0.9758269,-0.003289591,0.263177156,-0.04523102,0.10749343,0.216896459,-0.377008557,0,0,0,0,-1,0,917.0652,0.0004266
9650916500,13.582969400000366,-0.403727621,-75.17266,-45.6216278,-0.07378868,-0.0699630156,-0.193448439,0.9758269,-0.003289591,0.263177156,-0.04523102,0.10749343,0.216896459,-0.377008557,0,0,0,0,-1,0,872.482544,0.0393511
9651383800,13.58343700000114,-0.403595567,-75.22273,-45.6617661,-0.07385999,-0.06767609,-0.196277916,0.9754177,-0.003289591,0.262769133,-0.0456385054,0.102379963,0.216896459,-0.383400381,0,0,0,0,-1,0,935.8561,0.00046730000000000003
9686499000,13.618551900000966,-0.403595567,-75.22273,-45.6617661,-0.07385999,-0.06767609,-0.196277916,0.9754177,-0.003289591,0.262769133,-0.0456385054,0.102379963,0.216896459,-0.383400381,0,0,0,0,-1,0,890.4872,0.0351152
9722116600,13.654169600000387,-0.3527182,-75.267746,-45.81033,-0.07354837,-0.0656349137,-0.197944269,0.975244,-0.002878392,0.2623611,-0.0468609668,0.09854485,0.216896459,-0.3872355,0,0,0,0,-1,0,847.366638,0.0356176
9722584000,13.654637200001162,-0.20139809,-75.31516,-45.90444,-0.0734402761,-0.06380573,-0.1990183,0.975154936,-0.00164479553,0.2619531,-0.0476759374,0.09598811,0.216896459,-0.389792234,0,0,0,0,-1,0,911.9731,0.00046740000000000003
9757476400,13.689529200000834,-0.20139809,-75.31516,-45.90444,-0.0734402761,-0.06380573,-0.1990183,0.975154936,-0.00164479553,0.2619531,-0.0476759374,0.09598811,0.216896459,-0.389792234,0,0,0,0,-1,0,867.807434,0.034892400000000004
9757936000,13.689989300000889,-0.100699082,-75.31516,-45.9043159,-0.07385803,-0.061590746,-0.199381128,0.975191653,-0.000822397764,0.2619531,-0.0476759374,0.092153,0.216896459,-0.391070634,0,0,0,0,-1,0,933.207336,0.0004596
9781232900,13.713285600000745,-0.100699082,-75.31516,-45.9043159,-0.07385803,-0.061590746,-0.199381128,0.975191653,-0.000822397764,0.2619531,-0.0476759374,0.092153,0.216896459,-0.391070634,0,0,0,0,-1,0,888.6932,0.023296900000000002
9817082300,13.749134700001377,-0.0503330156,-75.36512,-45.94448,-0.07374803,-0.06082359,-0.2005479,0.9750089,-0.000411198882,0.261545062,-0.0480834246,0.0908746347,0.216896459,-0.393627346,0,0,0,0,-1,0,845.653259,0.035849400000000003
9817593000,13.749646000000212,0,-75.41768,-45.9304123,-0.07400357,-0.0594299249,-0.2010017,0.974982,0,0.261137038,-0.0480834246,0.08831789,0.216896459,-0.394905716,0,0,0,0,-1,0,901.275452,0.0005107
9854642500,13.786695100001452,0,-75.41768,-45.9304123,-0.07400357,-0.0594299249,-0.2010017,0.974982,0,0.261137038,-0.0480834246,0.08831789,0.216896459,-0.394905716,0,0,0,0,-1,0,857.5612,0.0370495
9855087600,13.787140300000829,0,-75.46763,-45.9706535,-0.07394621,-0.05829046,-0.202728376,0.9746976,0,0.260729,-0.04849091,0.08448278,0.216896459,-0.398740828,0,0,0,0,-1,0,927.017456,0.00044510000000000003
9875599300,13.807652100000269,0,-75.46763,-45.9706535,-0.07407382,-0.0576704629,-0.202650949,0.9747409,0,0.260729,-0.04849091,0.08448278,0.216896459,-0.398740828,0,0,0,0,-1,0,883.1042,0.0205117
9916932600,13.848985700000412,0.0503280126,-75.5202,-45.956646,-0.073582314,-0.0567744561,-0.203166112,0.974723458,0.000411198882,0.260321,-0.04849091,0.08320442,0.215618089,-0.4000192,0,0,0,0,-1,0,840.1586,0.0413333
9917358600,13.849411700000928,0.0503337681,-75.57278,-45.9426537,-0.0736743063,-0.05620152,-0.2037119,0.9746358,0.000411198882,0.259912968,-0.04849091,0.08192605,0.215618089,-0.401297569,0,0,0,0,-1,0,915.5216,0.000426
9947628100,13.879681000000346,0.0503337681,-75.57278,-45.9426537,-0.0736743063,-0.05620152,-0.2037119,0.9746358,0.000411198882,0.259912968,-0.04849091,0.08192605,0.215618089,-0.401297569,0,0,0,0,-1,0,871.397339,0.0302695
9948045600,13.880098800000269,0.100622892,-75.57014,-45.9969559,-0.07373911,-0.0547668152,-0.204176351,0.9746154,0.000822397764,0.259912968,-0.0488984,0.07936931,0.215618089,-0.40257594,0,0,0,0,-1,0,947.587952,0.0004175
9991296400,13.923348700000133,0.100622892,-75.57014,-45.9969559,-0.07373911,-0.0547668152,-0.204176351,0.9746154,0.000822397764,0.259912968,-0.0488984,0.07936931,0.215618089,-0.40257594,0,0,0,0,-1,0,901.3646,0.043250800000000006
10019076100,13.951129000000947,0.2012687,-75.62272,-45.98311,-0.07355088,-0.0524289832,-0.204523623,0.9746854,0.00164479553,0.2595049,-0.0488984,0.0755342,0.214339718,-0.40385434,0,0,0,0,-1,0,858.096252,0.0277797
10019586300,13.9516392000005,0.2012687,-75.62272,-45.98311,-0.07364659,-0.05185607,-0.205069169,0.9745942,0.00164479553,0.2595049,-0.0488984,0.07425583,0.214339718,-0.405132681,0,0,0,0,-1,0,913.1922,0.0005102
10051252700,13.983305400000972,0.2012687,-75.62272,-45.98311,-0.07364659,-0.05185607,-0.205069169,0.9745942,0.00164479553,0.2595049,-0.0488984,0.07425583,0.214339718,-0.405132681,0,0,0,0,-1,0,869.1116,0.031666400000000004
10051711600,13.983764800001154,0.2515858,-75.62272,-45.9832039,-0.07388268,-0.05051033,-0.20614475,0.9744201,0.00205599447,0.2595049,-0.0488984,0.07169909,0.214339718,-0.407689422,0,0,0,0,-1,0,934.6122,0.00045890000000000004
10083250700,14.015302600000723,0.2515858,-75.62272,-45.9832039,-0.07388268,-0.05051033,-0.20614475,0.9744201,0.00205599447,0.2595049,-0.0488984,0.07169909,0.214339718,-0.407689422,0,0,0,0,-1,0,889.4669,0.0315391
10122722300,14.054769500000475,0.301837772,-75.72524,-46.00971,-0.0738922,-0.0491701029,-0.207852885,0.974124968,0.00246719341,0.258688867,-0.049305886,0.06914236,0.214339718,-0.4115245,0,0,0,0,-1,0,846.2603,0.0394716
10123278900,14.055331900000965,0.352183968,-75.77785,-45.9959335,-0.0735122561,-0.04769721,-0.208918035,0.9739991,0.002878392,0.258280843,-0.049305886,0.0665856153,0.213061348,-0.414081246,0,0,0,0,-1,0,893.778442,0.00055660000000000009
10153860800,14.085913900000378,0.352183968,-75.77785,-45.9959335,-0.0735122561,-0.04769721,-0.208918035,0.9739991,0.002878392,0.258280843,-0.049305886,0.0665856153,0.213061348,-0.414081246,0,0,0,0,-1,0,850.7245,0.030581900000000002
10154434100,14.086487200000192,0.50311923,-75.77785,-45.9964638,-0.0732222944,-0.04582258,-0.209954381,0.9738881,0.004111989,0.258280843,-0.049305886,0.064028874,0.211782977,-0.416638,0,0,0,0,-1,0,895.402649,0.0005733
10185662000,14.117714800000613,0.50311923,-75.77785,-45.9964638,-0.0732222944,-0.04582258,-0.209954381,0.9738881,0.004111989,0.258280843,-0.049305886,0.064028874,0.211782977,-0.416638,0,0,0,0,-1,0,852.233643,0.031227900000000003
10225435100,14.157487400001628,0.50311923,-75.77785,-45.9964638,-0.07256949,-0.0457397662,-0.210569024,0.973808169,0.004111989,0.258280843,-0.049305886,0.064028874,0.2105046,-0.417916358,0,0,0,0,-1,0,810.8791,0.039773100000000006
10225914000,14.157967200000712,0.50311923,-75.77785,-45.9964638,-0.07329688,-0.0452968441,-0.211121783,0.9736547,0.004111989,0.258280843,-0.049305886,0.0627505,0.211782977,-0.419194728,0,0,0,0,-1,0,874.7411,0.00047890000000000004
10257844500,14.189897400001428,0.50311923,-75.77785,-45.9964638,-0.07329688,-0.0452968441,-0.211121783,0.9736547,0.004111989,0.258280843,-0.049305886,0.0627505,0.211782977,-0.419194728,0,0,0,0,-1,0,832.569946,0.0319305
10258357900,14.190410500001235,0.50311923,-75.77785,-45.9964638,-0.07264461,-0.0452132337,-0.211736724,0.9735739,0.004111989,0.258280843,-0.049305886,0.0627505,0.2105046,-0.4204731,0,0,0,0,-1,0,888.3314,0.0005134
10320352300,14.252405200000794,0.50311923,-75.77785,-45.9964638,-0.07264461,-0.0452132337,-0.211736724,0.9735739,0.004111989,0.258280843,-0.049305886,0.0627505,0.2105046,-0.4204731,0,0,0,0,-1,0,844.7214,0.061994400000000005
10356909300,14.288961900001595,0.553185344,-75.7751541,-46.05095,-0.07265173,-0.0443041548,-0.2110322,0.9737681,0.004523188,0.258280843,-0.0497133732,0.0614721365,0.2105046,-0.419194728,0,0,0,0,-1,0,803.853,0.036557
10357362600,14.289415700000973,0.5529399,-75.7724457,-46.10522,-0.07304842,-0.0444379151,-0.211671427,0.9735936,0.004523188,0.258280843,-0.05012086,0.0614721365,0.211782977,-0.4204731,0,0,0,0,-1,0,873.9626,0.0004533
10379539500,14.31159210000078,0.5529399,-75.7724457,-46.10522,-0.07304842,-0.0444379151,-0.211671427,0.9735936,0.004523188,0.258280843,-0.05012086,0.0614721365,0.211782977,-0.4204731,0,0,0,0,-1,0,832.519043,0.022176900000000003
10379947600,14.31200070000159,0.552511752,-75.8195648,-46.19987,-0.07229544,-0.04298249,-0.211528838,0.9737461,0.004523188,0.25787282,-0.05093583,0.0589154,0.2105046,-0.4204731,0,0,0,0,-1,0,913.4121,0.0004081
10420258200,14.352311000000554,0.552511752,-75.8195648,-46.19987,-0.07229544,-0.04298249,-0.211528838,0.9737461,0.004523188,0.25787282,-0.05093583,0.0589154,0.2105046,-0.4204731,0,0,0,0,-1,0,868.9819,0.0403106
10454739100,14.386791800001447,0.5518381,-75.86378,-46.3488045,-0.0720744058,-0.0410413,-0.2119452,0.9737557,0.004523188,0.2574648,-0.0521582924,0.05508029,0.2105046,-0.421751469,0,0,0,0,-1,0,826.982849,0.0344809
10455155900,14.3872091000012,0.5518381,-75.86378,-46.3488045,-0.072341904,-0.0398028865,-0.211788133,0.973821461,0.004523188,0.2574648,-0.0521582924,0.0525235534,0.2105046,-0.421751469,0,0,0,0,-1,0,905.595337,0.00041680000000000005
10493285600,14.425337900000159,0.5518381,-75.86378,-46.3488045,-0.072341904,-0.0398028865,-0.211788133,0.973821461,0.004523188,0.2574648,-0.0521582924,0.0525235534,0.2105046,-0.421751469,0,0,0,0,-1,0,861.6269,0.0381297
10493739000,14.425792000000001,0.551409841,-75.91069,-46.4434853,-0.0717374,-0.037337482,-0.214599013,0.9733483,0.004523188,0.257056773,-0.0529732667,0.0474100746,0.209226251,-0.428143322,0,0,0,0,-1,0,928.8234,0.0004534
10524679300,14.45673220000026,0.551409841,-75.91069,-46.4434853,-0.07187295,-0.03671859,-0.2145202,0.973379254,0.004523188,0.257056773,-0.0529732667,0.046131704,0.209226251,-0.428143322,0,0,0,0,-1,0,883.9983,0.0309403
10551435100,14.48348740000074,0.6012064,-76.06278,-46.51084,-0.071446836,-0.0334767736,-0.217857733,0.972786069,0.004934387,0.2558327,-0.0537882373,0.03973986,0.2079479,-0.435813546,0,0,0,0,-1,0,841.6671,0.026755800000000003
10551938100,14.48399100000097,0.7008609,-76.1095352,-46.6061325,-0.07097069,-0.0306043942,-0.220636159,0.9722892,0.005756784,0.255424649,-0.05460321,0.03462638,0.206669509,-0.442205369,0,0,0,0,-1,0,898.987366,0.00050300000000000008
10585815400,14.517868000000817,0.7008609,-76.1095352,-46.6061325,-0.0711102262,-0.0299862754,-0.2205569,0.9723162,0.005756784,0.255424649,-0.05460321,0.0333480127,0.206669509,-0.442205369,0,0,0,0,-1,0,855.5139,0.0338773
10586291500,14.518344600001,0.7492486,-76.09444,-46.877697,-0.0700376257,-0.0241235271,-0.225458533,0.971432567,0.006167983,0.255424649,-0.0566406436,0.0218426883,0.204112768,-0.4537107,0,0,0,0,-1,0,917.7582,0.0004761
10613842400,14.545895400000518,0.7492486,-76.09444,-46.877697,-0.0700376257,-0.0241235271,-0.225458533,0.971432567,0.006167983,0.255424649,-0.0566406436,0.0218426883,0.204112768,-0.4537107,0,0,0,0,-1,0,873.6851,0.027550900000000003
10657928700,14.589981700000862,0.7479102,-76.081955,-47.09469,-0.0683667958,-0.01913966,-0.232930556,0.969898462,0.006167983,0.255424649,-0.0582705922,0.0116157327,0.200277656,-0.470329523,0,0,0,0,-1,0,831.135,0.0440863
10658458500,14.590511500000503,0.496211737,-76.09845,-47.6762924,-0.0670584738,-0.009998043,-0.248405531,0.96628046,0.004111989,0.255016625,-0.06275295,-0.0101165464,0.197720915,-0.5048455,0,0,0,0,-1,0,883.9535,0.00052980000000000008
10689391200,14.621443800000634,0.496211737,-76.09845,-47.6762924,-0.0670584738,-0.009998043,-0.248405531,0.96628046,0.004111989,0.255016625,-0.06275295,-0.0101165464,0.197720915,-0.5048455,0,0,0,0,-1,0,841.372253,0.0309327
10690030800,14.622083900001599,-0.197615847,-76.11592,-48.2039642,-0.06825349,0.0038477194,-0.263561845,0.962217152,-0.00164479553,0.2546086,-0.06682781,-0.0459108874,0.196442544,-0.5406398,0,0,0,0,-1,0,877.4775,0.0006396
10719223400,14.651276300000973,-0.247019738,-76.11592,-48.2040558,-0.06837034,0.00421691453,-0.2641062,0.962058067,-0.00205599447,0.2546086,-0.06682781,-0.047189258,0.196442544,-0.5419182,0,0,0,0,-1,0,835.316345,0.029192600000000003
10755971000,14.68802340000002,-1.135762,-76.11228,-48.26339,-0.07110665,0.0212794319,-0.281726867,0.9566196,-0.009457574,0.2546086,-0.0672353,-0.091932185,0.191329077,-0.5841044,0,0,0,0,-1,0,794.911133,0.036747600000000005
10756466100,14.688519100000121,-1.97517848,-76.11228,-48.27426,-0.07702394,0.04393903,-0.303775668,0.948608,-0.0164479557,0.2546086,-0.0672353,-0.149458811,0.1862156,-0.637795866,0,0,0,0,-1,0,856.1553,0.0004951
10778918600,14.710971100001188,-1.97517848,-76.11228,-48.27426,-0.07702394,0.04393903,-0.303775668,0.948608,-0.0164479557,0.2546086,-0.0672353,-0.149458811,0.1862156,-0.637795866,0,0,0,0,-1,0,815.574463,0.0224525
10779343300,14.711396600001535,-2.07369113,-76.05963,-48.28964,-0.08038553,0.055767592,-0.31169644,0.9451315,-0.0172703527,0.255016625,-0.0672353,-0.176304564,0.183658868,-0.6582498,0,0,0,0,-1,0,892.5259,0.0004247
10812405300,14.744458200000736,-2.07369113,-76.05963,-48.28964,-0.08038553,0.055767592,-0.31169644,0.9451315,-0.0172703527,0.255016625,-0.0672353,-0.176304564,0.183658868,-0.6582498,0,0,0,0,-1,0,849.411865,0.033062
10854229400,14.786281900000176,-1.78047991,-76.02141,-48.08177,-0.08347552,0.06219126,-0.318636656,0.942143738,-0.01480316,0.255424649,-0.06560535,-0.18908827,0.182380483,-0.6748686,0,0,0,0,-1,0,808.1368,0.0418241
10854774800,14.786827800000538,-0.2487106,-75.39167,-47.3816528,-0.08051211,0.05256476,-0.3010236,0.9487569,-0.00205599447,0.260729,-0.0590855666,-0.153293908,0.179823756,-0.632682443,0,0,0,0,-1,0,859.405762,0.0005454
10886252800,14.8183054000001,-0.199057743,-75.39487,-47.32732,-0.08050648,0.0521991476,-0.299892038,0.94913584,-0.00164479553,0.260729,-0.05867808,-0.152015537,0.179823756,-0.6301257,0,0,0,0,-1,0,818.023865,0.031478
10886686600,14.818739700000151,1.95797062,-74.62457,-46.2677879,-0.07367254,0.0260823965,-0.2610854,0.9621468,0.0160367563,0.267257422,-0.0488984,-0.07403501,0.177267015,-0.5393615,0,0,0,0,-1,0,892.3832,0.00043380000000000003
10914687700,14.846740600001795,2.00906324,-74.62722,-46.2143364,-0.07354019,0.0251436364,-0.259380817,0.962642848,0.0164479557,0.267257422,-0.04849091,-0.07147828,0.177267015,-0.535526335,0,0,0,0,-1,0,849.5497,0.0280011
10948444400,14.880497200001628,2.51736879,-74.53768,-45.9268074,-0.06793086,0.00048195236,-0.216336966,0.973952532,0.0205599442,0.2680735,-0.0460459925,-0.0101165464,0.178545386,-0.439648658,0,0,0,0,-1,0,808.5534,0.0337567
10948906600,14.880959600001006,2.5159564,-74.4827042,-45.9955,-0.0638962463,-0.0174950827,-0.1811854,0.9812151,0.0205599442,0.268481523,-0.04645348,0.0320696421,0.178545386,-0.362946481,0,0,0,0,-1,0,876.304,0.0004622
10988879300,14.920932300001368,2.5159564,-74.4827042,-45.9955,-0.06391854,-0.0174133815,-0.179930866,0.9814459,0.0205599442,0.268481523,-0.04645348,0.0320696421,0.178545386,-0.360389739,0,0,0,0,-1,0,833.7397,0.0399727
10989497100,14.921550000000934,2.26465774,-74.53517,-45.976162,-0.0620710626,-0.02965403,-0.161276028,0.984509,0.01850395,0.2680735,-0.04645348,0.0576370321,0.178545386,-0.319481969,0,0,0,0,-1,0,872.985046,0.00061780000000000005
11023002000,14.95505470000171,2.26465774,-74.53517,-45.976162,-0.0620710626,-0.02965403,-0.161276028,0.984509,0.01850395,0.2680735,-0.04645348,0.0576370321,0.178545386,-0.319481969,0,0,0,0,-1,0,830.8281,0.033504900000000004
11050853100,14.982906100000037,1.95663869,-74.51696,-46.35083,-0.05943581,-0.0317353271,-0.170913815,0.982979536,0.0160367563,0.2680735,-0.049305886,0.0589154,0.177267015,-0.338657469,0,0,0,0,-1,0,791.082,0.0278511
11051361000,14.983413900001324,1.34378266,-74.46517,-47.3193169,-0.0545161553,-0.0280879177,-0.199894935,0.9778963,0.01110237,0.2680735,-0.0566406436,0.0448533371,0.174710274,-0.398740828,0,0,0,0,-1,0,849.9725,0.0005079
11083015600,15.015068100001372,1.34378266,-74.46517,-47.3193169,-0.0545161553,-0.0280879177,-0.199894935,0.9778963,0.01110237,0.2680735,-0.0566406436,0.0448533371,0.174710274,-0.398740828,0,0,0,0,-1,0,809.0534,0.031654600000000005
11083515500,15.01556840000012,0.397094578,-74.44632,-47.6379967,-0.054977268,-0.01825045,-0.246804848,0.967332363,0.003289591,0.2680735,-0.0590855666,0.0116157327,0.174710274,-0.498453647,0,0,0,0,-1,0,868.6207,0.00049990000000000006
11124271000,15.05632390000028,0.397094578,-74.44632,-47.6379967,-0.054977268,-0.01825045,-0.246804848,0.967332363,0.003289591,0.2680735,-0.0590855666,0.0116157327,0.174710274,-0.498453647,0,0,0,0,-1,0,826.4165,0.0407555
11154475700,15.086528500001805,-0.8434414,-74.4431,-47.6945343,-0.06090935,0.00143258588,-0.3020093,0.951356053,-0.006990381,0.2680735,-0.0594930537,-0.047189258,0.174710274,-0.619898736,0,0,0,0,-1,0,786.751038,0.0302047
11154902600,15.086955800001306,-1.24034333,-74.4431,-47.69796,-0.06692688,0.01656404,-0.3287823,0.9418857,-0.0102799721,0.2680735,-0.0594930537,-0.08681871,0.174710274,-0.681260467,0,0,0,0,-1,0,864.5369,0.0004269
11185007500,15.117060200000196,-1.24034333,-74.4431,-47.69796,-0.06714859,0.0171194244,-0.329305738,0.9416771,-0.0102799721,0.2680735,-0.0594930537,-0.08809708,0.174710274,-0.6825388,0,0,0,0,-1,0,822.970947,0.0301049
11185455000,15.117508200000884,-0.843998,-74.3446,-47.6149139,-0.06935533,0.0260761846,-0.3403053,0.9373912,-0.006990381,0.268889546,-0.05867808,-0.104715876,0.170875162,-0.7081062,0,0,0,0,-1,0,893.55426,0.00044750000000000004
11214838500,15.14689140000155,-0.843998,-74.3446,-47.6149139,-0.06935533,0.0260761846,-0.3403053,0.9373912,-0.006990381,0.268889546,-0.05867808,-0.104715876,0.170875162,-0.7081062,0,0,0,0,-1,0,850.5782,0.029383500000000003
11259298100,15.191351100000247,0.698508739,-73.8103943,-47.01472,-0.06692867,0.0196792539,-0.3189624,0.94519645,0.005756784,0.273377836,-0.0529732667,-0.07531338,0.16704005,-0.6595282,0,0,0,0,-1,0,809.1739,0.0444596
11259735500,15.191788500000257,3.010813,-72.9165649,-46.3408356,-0.0612488128,-0.00762092229,-0.237320676,0.969468653,0.0246719327,0.28072232,-0.0456385054,0.010337363,0.168318421,-0.480556458,0,0,0,0,-1,0,883.027039,0.0004374
11285407600,15.217460300000312,3.010813,-72.9165649,-46.3408356,-0.0615899824,-0.008850156,-0.234962881,0.970010757,0.0246719327,0.28072232,-0.0456385054,0.0128941024,0.169596791,-0.475443,0,0,0,0,-1,0,840.8233,0.025672100000000003
11286001500,15.218054600001778,3.11437178,-72.61273,-46.2170868,-0.06073383,-0.01999939,-0.18781355,0.9801212,0.0254943315,0.283170462,-0.04400856,0.0422965959,0.170875162,-0.3757302,0,0,0,0,-1,0,882.9714,0.00059390000000000007
11315865500,15.247917800001233,3.11398387,-72.56049,-46.232296,-0.0606414638,-0.0205461811,-0.186626747,0.980342269,0.0254943315,0.2835785,-0.04400856,0.0435749665,0.170875162,-0.373173445,0,0,0,0,-1,0,840.4971,0.029864
11344943600,15.276996000000509,2.61017919,-72.2993851,-46.29689,-0.0589208342,-0.0302342251,-0.1507104,0.9863573,0.021382343,0.285618633,-0.04400856,0.064028874,0.169596791,-0.297749639,0,0,0,0,-1,0,800.1917,0.029078100000000003
11345452800,15.277505500000188,1.454836,-72.03843,-46.3545761,-0.0560771,-0.03388443,-0.139586985,0.988039851,0.0119247679,0.287658751,-0.04400856,0.064028874,0.164483324,-0.274739,0,0,0,0,-1,0,858.375366,0.0005092
11392100100,15.324152500001219,1.454836,-72.03843,-46.3545761,-0.0560771,-0.03388443,-0.139586985,0.988039851,0.0119247679,0.287658751,-0.04400856,0.064028874,0.164483324,-0.274739,0,0,0,0,-1,0,816.528442,0.0466473
11392542200,15.324595100000806,-0.349576473,-70.72878,-46.90182,-0.04799684,-0.02765487,-0.167536274,0.9843085,-0.002878392,0.29785943,-0.04523102,0.03590475,0.149142891,-0.333544,0,0,0,0,-1,0,888.7986,0.0004421
11418516900,15.350569100000939,-0.349576473,-70.72878,-46.90182,-0.04799684,-0.02765487,-0.167536274,0.9843085,-0.002878392,0.29785943,-0.04523102,0.03590475,0.149142891,-0.333544,0,0,0,0,-1,0,846.2836,0.025974700000000003
11453258600,15.385311500000171,-1.14522612,-70.09761,-47.26272,-0.0406094044,-0.0195185281,-0.197370484,0.979293,-0.009457574,0.302755743,-0.04645348,0.0128941024,0.133802459,-0.3961841,0,0,0,0,-1,0,805.4086,0.0347417
11453844000,15.385897100000875,-1.78485715,-69.81712,-47.7861,-0.03276416,-0.00540326256,-0.2428435,0.969496965,-0.01480316,0.3047959,-0.0497133732,-0.0203435011,0.115905292,-0.4920618,0,0,0,0,-1,0,850.549866,0.0005854
11488758800,15.420811200001481,-1.78485715,-69.81712,-47.7861,-0.0327607021,-0.005424204,-0.243463129,0.9693416,-0.01480316,0.3047959,-0.0497133732,-0.0203435011,0.115905292,-0.493340164,0,0,0,0,-1,0,809.4544,0.0349148
11489203600,15.421256800000265,-1.73582709,-69.7679138,-47.7474442,-0.034401428,0.003803112,-0.274115741,0.9610737,-0.0143919615,0.3052039,-0.049305886,-0.04079741,0.113348544,-0.558537,0,0,0,0,-1,0,881.3918,0.0004448
11512055300,15.444107800001802,-1.73582709,-69.7679138,-47.7474442,-0.034401428,0.003803112,-0.274115741,0.9610737,-0.0143919615,0.3052039,-0.049305886,-0.04079741,0.113348544,-0.558537,0,0,0,0,-1,0,839.5102,0.022851700000000003
11549810400,15.481862800001181,-1.58854675,-69.6201859,-47.6317253,-0.03517118,0.00411627442,-0.27717486,0.960166752,-0.0131583642,0.306428,-0.0480834246,-0.04079741,0.113348544,-0.5649288,0,0,0,0,-1,0,798.859,0.0377551
11550360300,15.482413000001543,-1.29353511,-69.27496,-47.3636475,-0.03915357,0.000465285644,-0.239855647,0.9700186,-0.0106911715,0.30928418,-0.04523102,-0.0305704549,0.12101876,-0.4869483,0,0,0,0,-1,0,849.8417,0.00054990000000000008
11584740000,15.516792900001747,-1.29353511,-69.27496,-47.3636475,-0.03915357,0.000465285644,-0.239855647,0.9700186,-0.0106911715,0.30928418,-0.04523102,-0.0305704549,0.12101876,-0.4869483,0,0,0,0,-1,0,808.803955,0.0343797
11585189600,15.517242700001589,-0.798642337,-68.6792,-46.96245,-0.04420718,-0.00612600427,-0.17562066,0.983445764,-0.006579182,0.3141805,-0.040748667,-0.0101165464,0.129967347,-0.3539979,0,0,0,0,-1,0,879.5737,0.00044960000000000003
11624563100,15.556615500001499,-0.798642337,-68.6792,-46.96245,-0.04420718,-0.00612600427,-0.17562066,0.983445764,-0.006579182,0.3141805,-0.040748667,-0.0101165464,0.129967347,-0.3539979,0,0,0,0,-1,0,836.8649,0.039373500000000006
11646532400,15.57858540000052,-0.7500906,-68.5347748,-46.7411957,-0.0485636219,-0.01587957,-0.116640672,0.9918591,-0.006167983,0.315404564,-0.03871123,0.0141724711,0.138915926,-0.232552812,0,0,0,0,-1,0,797.2976,0.0219693
11646991400,15.579044500000236,-0.8004532,-68.53687,-46.6872177,-0.0492051877,-0.02023645,-0.09678943,0.9938819,-0.006579182,0.315404564,-0.03830374,0.0243994258,0.1401943,-0.191645,0,0,0,0,-1,0,866.3652,0.00045900000000000004
11684200200,15.616253100000904,-0.8004532,-68.53687,-46.6872177,-0.049218107,-0.0202049911,-0.09615413,0.9939436,-0.006579182,0.315404564,-0.03830374,0.0243994258,0.1401943,-0.190366626,0,0,0,0,-1,0,824.3907,0.0372088
11684716200,15.616769000000204,-0.9993615,-68.58226,-46.8347168,-0.0467752367,-0.01848891,-0.1010426,0.9936099,-0.008223978,0.314996541,-0.0395262055,0.0192859489,0.136359185,-0.200593576,0,0,0,0,-1,0,880.0704,0.00051600000000000007
11718420400,15.650473400000919,-0.999500036,-68.6339951,-46.81787,-0.0467634127,-0.0185188074,-0.101677693,0.9935451,-0.008223978,0.314588517,-0.0395262055,0.0192859489,0.136359185,-0.201871946,0,0,0,0,-1,0,837.550354,0.033704200000000004
11744736200,15.676788900000247,-1.19659472,-69.08205,-47.1033363,-0.0380431823,-0.0144833634,-0.145555258,0.988512337,-0.009868774,0.310916275,-0.0427861,0.007780625,0.122297131,-0.291357815,0,0,0,0,-1,0,797.5728,0.0263158
11745152000,15.677205200001481,-1.43825173,-69.257225,-47.7452621,-0.0313998573,-0.009518441,-0.187281951,0.9817581,-0.0119247679,0.30928418,-0.0480834246,-0.0050030686,0.113348544,-0.377008557,0,0,0,0,-1,0,877.9443,0.0004158
11788868900,15.720921700001782,-1.43825173,-69.257225,-47.7452621,-0.0313998573,-0.009518441,-0.187281951,0.9817581,-0.0119247679,0.30928418,-0.0480834246,-0.0050030686,0.113348544,-0.377008557,0,0,0,0,-1,0,835.1908,0.0437169
11789311700,15.721364800001538,-1.68469357,-69.25195,-47.85701,-0.0278500933,-0.002974752,-0.2391254,0.9705847,-0.0139807621,0.30928418,-0.0488984,-0.02162187,0.104399957,-0.48439157,0,0,0,0,-1,0,906.34906,0.00044280000000000003
11817638200,15.749691000000894,-1.68469357,-69.25195,-47.85701,-0.0278500933,-0.002974752,-0.2391254,0.9705847,-0.0139807621,0.30928418,-0.0488984,-0.02162187,0.104399957,-0.48439157,0,0,0,0,-1,0,862.796753,0.0283265
11852464900,15.784517900001447,-1.68591487,-69.35827,-47.7696648,-0.0266262237,-0.0012510299,-0.258808434,0.9655608,-0.0139807621,0.308468133,-0.04849091,-0.025456978,0.10056486,-0.5252994,0,0,0,0,-1,0,821.0926,0.0348267
11852855000,15.784908300000097,-1.68584752,-69.5111847,-47.77448,-0.0263986625,0.0030892028,-0.271433145,0.962090254,-0.0139807621,0.307244033,-0.0488984,-0.034405563,0.09800811,-0.5521451,0,0,0,0,-1,0,908.2102,0.00039010000000000005
11879240700,15.811293300001125,-1.68584752,-69.5111847,-47.77448,-0.0264006332,0.003072328,-0.2720481,0.961916566,-0.0139807621,0.307244033,-0.0488984,-0.034405563,0.09800811,-0.5534235,0,0,0,0,-1,0,864.694641,0.0263857
11879672200,15.811725500001558,-1.48638713,-69.55769,-47.86396,-0.0259882621,0.009935818,-0.2747057,0.961125731,-0.0123359663,0.306836,-0.0497133732,-0.0459108874,0.09417301,-0.559815347,0,0,0,0,-1,0,937.3348,0.0004315
11926091300,15.858144300000276,-1.48638713,-69.55769,-47.86396,-0.0259882621,0.009935818,-0.2747057,0.961125731,-0.0123359663,0.306836,-0.0497133732,-0.0459108874,0.09417301,-0.559815347,0,0,0,0,-1,0,891.545166,0.046419100000000005
11950056900,15.882109800000762,-1.28821039,-69.55769,-47.86168,-0.0273203645,0.0152421854,-0.266354948,0.9633672,-0.0106911715,0.306836,-0.0497133732,-0.0548594743,0.09417301,-0.543196559,0,0,0,0,-1,0,849.05426,0.0239656
11950505600,15.882558700001027,-1.28821039,-69.55769,-47.86168,-0.028121002,0.01384913,-0.260254443,0.9650311,-0.0106911715,0.306836,-0.0497133732,-0.0523027331,0.09672974,-0.530412853,0,0,0,0,-1,0,918.0346,0.0004487
11986244400,15.918297200001689,-1.28821039,-69.55769,-47.86168,-0.028121002,0.01384913,-0.260254443,0.9650311,-0.0106911715,0.306836,-0.0497133732,-0.0523027331,0.09672974,-0.530412853,0,0,0,0,-1,0,873.5319,0.0357388
11986679300,15.91873250000026,-1.14008868,-69.56038,-47.805912,-0.0294226948,0.0109988209,-0.2542641,0.9666246,-0.009457574,0.306836,-0.049305886,-0.0459108874,0.10056486,-0.517629147,0,0,0,0,-1,0,944.8243,0.0004349
12024375700,15.956428200001028,-1.14008868,-69.56038,-47.805912,-0.02879822,0.0111817224,-0.253661573,0.9667996,-0.009457574,0.306836,-0.049305886,-0.0459108874,0.09928648,-0.5163508,0,0,0,0,-1,0,898.9094,0.037696400000000005
12053515700,15.985568300000523,-0.991385043,-69.56038,-47.8045959,-0.0302319489,0.0043348996,-0.249171287,0.967977762,-0.008223978,0.306836,-0.049305886,-0.0318488255,0.105678327,-0.506123841,0,0,0,0,-1,0,855.6798,0.029140000000000003
12054056500,15.986109400000714,-0.991385043,-69.56038,-47.8045959,-0.0309722535,-0.000346307264,-0.245776072,0.968831658,-0.008223978,0.306836,-0.049305886,-0.0229002386,0.109513439,-0.498453647,0,0,0,0,-1,0,905.35144,0.0005408
12085129400,16.017181800001708,-0.991385043,-69.56038,-47.8045959,-0.030815104,-0.0009637771,-0.245826319,0.9688235,-0.008223978,0.306836,-0.049305886,-0.02162187,0.109513439,-0.498453647,0,0,0,0,-1,0,861.693,0.0310729
12085599300,16.017652500000622,-0.991385043,-69.56038,-47.8045959,-0.032680396,-0.00391911436,-0.241659537,0.969802737,-0.008223978,0.306836,-0.049305886,-0.016508393,0.114626914,-0.489505053,0,0,0,0,-1,0,925.014,0.00046990000000000004
12115744000,16.047797000001083,-0.991385043,-69.56038,-47.8045959,-0.032680396,-0.00391911436,-0.241659537,0.969802737,-0.008223978,0.306836,-0.049305886,-0.016508393,0.114626914,-0.489505053,0,0,0,0,-1,0,880.421936,0.030144700000000003
12147083000,16.079135700001643,-0.991385043,-69.56038,-47.8045959,-0.03409606,-0.006129393,-0.238693252,0.9704769,-0.008223978,0.306836,-0.049305886,-0.0126732849,0.118462026,-0.4831132,0,0,0,0,-1,0,837.9963,0.031339
12147542600,16.079595900000641,-0.991385043,-69.56038,-47.8045959,-0.0349158235,-0.008134408,-0.234494463,0.97145617,-0.008223978,0.306836,-0.049305886,-0.008838177,0.12101876,-0.4741646,0,0,0,0,-1,0,904.8867,0.0004596
12189825700,16.121878700001616,-0.991385043,-69.56038,-47.8045959,-0.0349158235,-0.008134408,-0.234494463,0.97145617,-0.008223978,0.306836,-0.049305886,-0.008838177,0.12101876,-0.4741646,0,0,0,0,-1,0,860.8249,0.042283100000000004
12190287400,16.122340700001587,-0.991385043,-69.56038,-47.8045959,-0.0357799046,-0.010040273,-0.2278083,0.9729966,-0.008223978,0.306836,-0.049305886,-0.0050030686,0.1235755,-0.460102558,0,0,0,0,-1,0,926.0791,0.00046170000000000006
12218610500,16.15066300000035,-0.991385043,-69.56038,-47.8045959,-0.0357799046,-0.010040273,-0.2278083,0.9729966,-0.008223978,0.306836,-0.049305886,-0.0050030686,0.1235755,-0.460102558,0,0,0,0,-1,0,881.540466,0.0283231
12249200100,16.18125240000154,-0.9918314,-69.56305,-47.7503281,-0.036338497,-0.011379349,-0.225422457,0.9735167,-0.008223978,0.306836,-0.0488984,-0.00244633,0.124853864,-0.454989076,0,0,0,0,-1,0,839.097961,0.0305896
12249779700,16.181832700000086,-0.943513,-69.5709152,-47.58711,-0.0374891423,-0.011985328,-0.22297287,0.974029839,-0.007812778,0.306836,-0.0476759374,-0.00116796058,0.126132235,-0.4498756,0,0,0,0,-1,0,883.4094,0.0005796
12289802400,16.221855000001597,-0.943513,-69.5709152,-47.58711,-0.0374891423,-0.011985328,-0.22297287,0.974029839,-0.007812778,0.306836,-0.0476759374,-0.00116796058,0.126132235,-0.4498756,0,0,0,0,-1,0,840.4882,0.0400227
12290235000,16.222288100001606,-0.550399244,-69.76516,-46.6669044,-0.0401139371,-0.0152503867,-0.218268216,0.9749448,-0.004523188,0.305611938,-0.0411561541,0.007780625,0.126132235,-0.439648658,0,0,0,0,-1,0,914.044,0.00043260000000000005
12319281900,16.251334800001132,-0.550399244,-69.76516,-46.6669044,-0.0401139371,-0.0152503867,-0.218268216,0.9749448,-0.004523188,0.305611938,-0.0411561541,0.007780625,0.126132235,-0.439648658,0,0,0,0,-1,0,870.0632,0.0290469
12353393100,16.285445800000161,0.101546727,-69.82689,-44.8736153,-0.0462210029,-0.0220099743,-0.211817876,0.9759674,0.000822397764,0.305611938,-0.0277090929,0.0243994258,0.1274106,-0.425586581,0,0,0,0,-1,0,828.0258,0.0341112
12353856700,16.285910000000513,1.03841984,-69.77148,-42.0855,-0.05451433,-0.0285096038,-0.201299384,0.977596045,0.008223978,0.306428,-0.00651978655,0.0422965959,0.124853864,-0.40385434,0,0,0,0,-1,0,894.476135,0.00046360000000000005
12382556600,16.314609200000632,1.091278,-69.77214,-41.9772644,-0.0549539477,-0.02839082,-0.201273188,0.977580249,0.008635176,0.306428,-0.005704813,0.0422965959,0.124853864,-0.40385434,0,0,0,0,-1,0,851.4945,0.0286999
12383024400,16.315077700000984,2.18804836,-68.8611145,-38.5783119,-0.06363548,-0.0337120146,-0.190194786,0.979101658,0.0168591551,0.313364446,0.02200428,0.0589154,0.115905292,-0.382122,0,0,0,0,-1,0,915.8031,0.00046780000000000004
12426180300,16.358232800001133,2.24328637,-68.85868,-38.47059,-0.06397285,-0.03417429,-0.189561918,0.979186356,0.0172703527,0.313364446,0.0228192527,0.0601937659,0.115905292,-0.3808437,0,0,0,0,-1,0,871.1715,0.043155900000000004
12454678600,16.386730800000805,3.90984035,-64.63174,-32.5533447,-0.07651583,-0.0435378328,-0.176971748,0.9802708,0.028783923,0.343966424,0.07742246,0.08703953,0.0890595242,-0.359111369,0,0,0,0,-1,0,829.367432,0.0284983
12455146300,16.3871994000001,4.686465,-59.85175,-27.6973934,-0.0818087757,-0.05021874,-0.170065373,0.980746269,0.03330711,0.377016634,0.125913382,0.103658326,0.0532651842,-0.3501628,0,0,0,0,-1,0,894.8052,0.00046770000000000004
12486319300,16.418371400000979,4.686465,-59.85175,-27.6973934,-0.0818087757,-0.05021874,-0.170065373,0.980746269,0.03330711,0.377016634,0.125913382,0.103658326,0.0532651842,-0.3501628,0,0,0,0,-1,0,851.6689,0.031173000000000003
12486833100,16.418886300001759,5.41093969,-53.3768234,-22.2063618,-0.08595796,-0.0557134263,-0.163210988,0.9812591,0.0370079,0.41985938,0.184591457,0.117720388,0.00468714954,-0.343770951,0,0,0,0,-1,0,906.3996,0.0005138
12526557200,16.458610300000146,5.417531,-53.1280174,-22.02834,-0.08632913,-0.05576956,-0.1631023,0.9812414,0.0370079,0.4214915,0.186628908,0.117720388,0.00340878,-0.343770951,0,0,0,0,-1,0,862.3383,0.039724100000000005
12554829700,16.486882400000468,5.76839,-43.6275558,-14.2656412,-0.0893059745,-0.0603572577,-0.155467466,0.9819426,0.0374191,0.479023248,0.2722011,0.127947345,-0.07457175,-0.339935839,0,0,0,0,-1,0,820.9899,0.028272500000000002
12555230300,16.487283500000558,5.96791124,-35.6297951,-8.93606949,-0.08356954,-0.05960575,-0.1503488,0.983289659,0.0374191,0.5251303,0.337398946,0.130504087,-0.1512739,-0.338657469,0,0,0,0,-1,0,904.753235,0.00040060000000000003
12586652500,16.518705300000875,5.96791124,-35.6297951,-8.93606949,-0.08356954,-0.05960575,-0.1503488,0.983289659,0.0374191,0.5251303,0.337398946,0.130504087,-0.1512739,-0.338657469,0,0,0,0,-1,0,861.1068,0.031422200000000004
12587082800,16.5191360000008,6.142701,-26.5477371,-2.44227624,-0.07687484,-0.0576215,-0.144506067,0.984828949,0.0370079,0.571237266,0.4156364,0.131782457,-0.2433165,-0.3373791,0,0,0,0,-1,0,934.249451,0.00043030000000000005
12616192300,16.548245000001771,6.142701,-26.5477371,-2.44227624,-0.07687484,-0.0576215,-0.144506067,0.984828949,0.0370079,0.571237266,0.4156364,0.131782457,-0.2433165,-0.3373791,0,0,0,0,-1,0,889.254639,0.029109500000000003
12647189100,16.579241500001444,6.072904,-18.8666553,3.30835319,-0.06720044,-0.0554997,-0.139873549,0.986326158,0.0353631042,0.604695439,0.484094143,0.133060813,-0.331523985,-0.3373791,0,0,0,0,-1,0,846.404968,0.0309968
12647751300,16.579804500001046,5.94661665,-12.4133348,7.944804,-0.05187701,-0.0516049564,-0.136080027,0.987991869,0.03371831,0.6299931,0.540734768,0.133060813,-0.419731468,-0.3373791,0,0,0,0,-1,0,893.021057,0.0005622
12689142200,16.621194900000773,5.949164,-12.24143,8.020322,-0.05123009,-0.0514351241,-0.1359878,0.9880472,0.03371831,0.6308091,0.541957259,0.133060813,-0.4222882,-0.3373791,0,0,0,0,-1,0,849.578,0.0413909
12689596900,16.621650100001716,5.7468853,-6.861493,10.76709,-0.0268557519,-0.04591289,-0.132866919,0.9897056,0.0320735127,0.6540667,0.5827059,0.133060813,-0.5130524,-0.3373791,0,0,0,0,-1,0,917.0617,0.00045470000000000005
12721677600,16.653730400001223,5.7468853,-6.861493,10.76709,-0.0268557519,-0.04591289,-0.132866919,0.9897056,0.0320735127,0.6540667,0.5827059,0.133060813,-0.5130524,-0.3373791,0,0,0,0,-1,0,872.7672,0.032080700000000004
12750941000,16.682993900001748,5.245791,-5.55300236,11.2793407,-0.0092152385,-0.0433947854,-0.131747708,0.9902901,0.0291951224,0.660187066,0.591670632,0.133060813,-0.557795346,-0.3373791,0,0,0,0,-1,0,830.837463,0.029263400000000002
12751511300,16.683563900000081,4.771146,-6.334761,10.1153688,0.006161731,-0.04184131,-0.131082743,0.9904689,0.0267279278,0.660187066,0.581075966,0.133060813,-0.5782493,-0.336100727,0,0,0,0,-1,0,876.96875,0.0005703
12790582000,16.722634500001732,4.771146,-6.334761,10.1153688,0.006161731,-0.04184131,-0.131082743,0.9904689,0.0267279278,0.660187066,0.581075966,0.133060813,-0.5782493,-0.336100727,0,0,0,0,-1,0,834.4,0.0390707
12790977400,16.723030600000129,4.076444,-10.4759054,5.540229,0.0266266242,-0.03599363,-0.135708675,0.9897367,0.0234383363,0.652026534,0.5346225,0.1215555,-0.574414134,-0.336100727,0,0,0,0,-1,0,919.1343,0.0003954
12810589800,16.742642600000181,4.07283258,-10.6297531,5.386164,0.0273383874,-0.035348624,-0.136092991,0.989687741,0.0234383363,0.6516185,0.532992542,0.120277129,-0.574414134,-0.336100727,0,0,0,0,-1,0,875.727,0.019612400000000002
12849056600,16.781109400000787,3.80091548,-13.7235146,2.79772186,0.03226158,-0.03311271,-0.138970882,0.9892168,0.02220474,0.6410098,0.503246,0.113885283,-0.5552386,-0.336100727,0,0,0,0,-1,0,833.2405,0.0384668
12849535600,16.781588800000463,3.427982,-20.1256237,-1.64239228,0.0341262072,-0.030510135,-0.14393352,0.9885281,0.0205599442,0.613264,0.447420359,0.103658326,-0.504103839,-0.336100727,0,0,0,0,-1,0,895.9626,0.00047900000000000004
12886159100,16.818211300000257,3.427982,-20.1256237,-1.64239228,0.0341262072,-0.030510135,-0.14393352,0.9885281,0.0205599442,0.613264,0.447420359,0.103658326,-0.504103839,-0.336100727,0,0,0,0,-1,0,852.5297,0.0366235
12886590500,16.818643700000393,3.36181355,-26.3415718,-4.86026335,0.0290807113,-0.0290004164,-0.147859439,0.9881553,0.0205599442,0.580213845,0.4005594,0.09598811,-0.447855622,-0.336100727,0,0,0,0,-1,0,925.804932,0.0004314
12924228700,16.856281400001535,3.36181355,-26.3415718,-4.86026335,0.0290807113,-0.0290004164,-0.147859439,0.9881553,0.0205599442,0.580213845,0.4005594,0.09598811,-0.447855622,-0.336100727,0,0,0,0,-1,0,880.84314,0.037638200000000004
12946738600,16.878791700000875,3.37593484,-32.13776,-7.3935957,0.0192831233,-0.027769031,-0.151356459,0.987901,0.0209711436,0.5463476,0.360625684,0.08831789,-0.3890506,-0.336100727,0,0,0,0,-1,0,839.0222,0.022509900000000003
12947278500,16.879331600001024,3.340245,-35.5424767,-9.095201,0.0140825054,-0.0272866171,-0.153165936,0.9877233,0.0209711436,0.5263543,0.336176485,0.08448278,-0.354534626,-0.336100727,0,0,0,0,-1,0,889.680847,0.00053990000000000006
12985583800,16.91763660000106,3.340245,-35.5424767,-9.095201,0.0140825054,-0.0272866171,-0.153165936,0.9877233,0.0209711436,0.5263543,0.336176485,0.08448278,-0.354534626,-0.336100727,0,0,0,0,-1,0,846.502136,0.0383053
12986065800,16.918119000001752,3.28358841,-40.86949,-11.7964468,0.005971012,-0.0268071089,-0.155656859,0.9874293,0.0209711436,0.49412024,0.298280239,0.07936931,-0.30084312,-0.336100727,0,0,0,0,-1,0,907.911438,0.000482
13018708000,16.950761000000057,3.28249121,-40.9972153,-11.8487568,0.005744407,-0.0268579572,-0.155693635,0.9874235,0.0209711436,0.4933042,0.297465265,0.07936931,-0.299564749,-0.336100727,0,0,0,0,-1,0,864.0476,0.0326422
13058892300,16.990945400000783,3.16779375,-45.6461449,-14.2957277,-0.00330264913,-0.0278115366,-0.15750429,0.9871211,0.0205599442,0.464334279,0.264458835,0.07681257,-0.248429984,-0.336100727,0,0,0,0,-1,0,822.0895,0.0401843
13059309100,16.991362300001128,2.66272926,-51.1775665,-17.7720528,-0.0143594751,-0.0309896115,-0.159496382,0.986607552,0.0176815521,0.429652035,0.222080231,0.0755342,-0.183233142,-0.336100727,0,0,0,0,-1,0,900.9466,0.00041680000000000005
13079566400,17.011619500000961,2.66272926,-51.1775665,-17.7720528,-0.0143594751,-0.0309896115,-0.159496382,0.986607552,0.0176815521,0.429652035,0.222080231,0.0755342,-0.183233142,-0.336100727,0,0,0,0,-1,0,858.3675,0.020257300000000002
13080057800,17.012111100000766,2.26696968,-53.8625755,-19.3595181,-0.0185717475,-0.03185305,-0.1605684,0.986335754,0.0152143594,0.412106872,0.202520862,0.07297746,-0.155109018,-0.336100727,0,0,0,0,-1,0,917.1992,0.0004914
13113967200,17.046014400000786,2.26601243,-53.98412,-19.4224281,-0.0187991075,-0.0318985358,-0.1606028,0.9863244,0.0152143594,0.411290824,0.201705888,0.07297746,-0.153830647,-0.336100727,0,0,0,0,-1,0,872.8138,0.0339094
13152636500,17.084688600001755,1.50014985,-58.76535,-22.4257717,-0.02769357,-0.034216553,-0.161773428,0.9858457,0.0102799721,0.379464746,0.16625455,0.06914236,-0.100139134,-0.334822357,0,0,0,0,-1,0,830.4661,0.038669300000000004
13153028500,17.085081600000194,0.8744106,-65.21706,-26.5857525,-0.0366338864,-0.0353796259,-0.162599564,0.9853769,0.006167983,0.334989846,0.118986107,0.064028874,-0.0349423,-0.332265615,0,0,0,0,-1,0,916.493835,0.00039200000000000004
13177576500,17.109629400001722,0.8744106,-65.21706,-26.5857525,-0.0366338864,-0.0353796259,-0.162599564,0.9853769,0.006167983,0.334989846,0.118986107,0.064028874,-0.0349423,-0.332265615,0,0,0,0,-1,0,872.706,0.024548
13178079200,17.110132300000259,0.5728374,-69.27107,-29.0417023,-0.0475392342,-0.0375721753,-0.1618887,0.9849469,0.004111989,0.30602,0.09127701,0.0627505,0.0149141038,-0.3284305,0,0,0,0,-1,0,928.533569,0.0005027
13214295200,17.14634770000157,0.515335,-69.436615,-29.1006241,-0.0477339476,-0.0378137454,-0.16192843,0.984921753,0.00370079,0.3047959,0.09046204,0.0627505,0.0161924735,-0.3284305,0,0,0,0,-1,0,883.4875,0.036216000000000005
13250167300,17.182220000000598,-0.11162474,-74.5940247,-32.6191864,-0.0642671362,-0.04004216,-0.1603635,0.984149337,-0.000822397764,0.267257422,0.0533807538,0.0576370321,0.08650279,-0.322038651,0,0,0,0,-1,0,840.707,0.035872100000000004
13250626900,17.18268000000171,-0.4365073,-79.23266,-35.6569862,-0.07614755,-0.0404781923,-0.160149887,0.9833184,-0.003289591,0.232575178,0.02200428,0.0525235534,0.141472682,-0.319481969,0,0,0,0,-1,0,907.461853,0.0004596
13290137200,17.222189900001467,-0.436273366,-79.39387,-35.7281151,-0.0763756856,-0.04051324,-0.1601743,0.9832953,-0.003289591,0.231351092,0.0211893059,0.0525235534,0.142751038,-0.319481969,0,0,0,0,-1,0,863.354248,0.039510300000000005
13290584100,17.222637300001225,-0.5878064,-83.0881348,-38.39688,-0.08673147,-0.0388022177,-0.16005978,0.982523739,-0.004523188,0.203197256,-0.00488984,0.0448533371,0.188772336,-0.318203568,0,0,0,0,-1,0,932.068359,0.0004469
13323958600,17.256011500001478,-0.587070346,-83.3534,-38.5596,-0.08794271,-0.03828615,-0.159418046,0.982540667,-0.004523188,0.201157123,-0.00651978655,0.0435749665,0.192607448,-0.3169252,0,0,0,0,-1,0,886.9631,0.0333745
13364766200,17.296819200000755,-0.58325994,-84.5692444,-39.4020081,-0.09899876,-0.03614985,-0.15924488,0.9815974,-0.004523188,0.191772521,-0.01466952,0.03590475,0.222009942,-0.3169252,0,0,0,0,-1,0,843.8402,0.0408076
13365262800,17.297316000000137,-0.7412221,-84.14044,-39.59515,-0.110898115,-0.03585029,-0.157155618,0.9806725,-0.005756784,0.195036724,-0.0154844932,0.0307912733,0.246298954,-0.313090116,0,0,0,0,-1,0,902.3329,0.0004966
13384185800,17.316238800000065,-0.7412221,-84.14044,-39.59515,-0.110898115,-0.03585029,-0.157155618,0.9806725,-0.005756784,0.195036724,-0.0154844932,0.0307912733,0.246298954,-0.313090116,0,0,0,0,-1,0,859.8585,0.018923000000000002
13384588700,17.316641700001128,-0.952287436,-83.66021,-39.6923256,-0.11523018,-0.0371175632,-0.155368879,0.9804106,-0.00740158,0.198708966,-0.0154844932,0.0307912733,0.255247533,-0.309254974,0,0,0,0,-1,0,940.9659,0.00040290000000000004
13415842800,17.347895300001255,-0.952287436,-83.66021,-39.6923256,-0.11523018,-0.0371175632,-0.155368879,0.9804106,-0.00740158,0.198708966,-0.0154844932,0.0307912733,0.255247533,-0.309254974,0,0,0,0,-1,0,895.5174,0.0312541
13452999800,17.385052700001324,-1.58605146,-83.2336349,-39.78521,-0.118058205,-0.0397894681,-0.1537812,0.9802196,-0.0123359663,0.20197317,-0.0154844932,0.0307912733,0.2616394,-0.305419862,0,0,0,0,-1,0,852.087158,0.037157
13453514700,17.385567600000286,-1.955938,-83.18033,-39.80123,-0.12199425,-0.03958054,-0.151196614,0.980148137,-0.0152143594,0.202381223,-0.0154844932,0.0269561652,0.2693096,-0.30030635,0,0,0,0,-1,0,906.58905,0.0005149
13488493400,17.420546100000138,-1.955938,-83.18033,-39.80123,-0.12199425,-0.03958054,-0.151196614,0.980148137,-0.0152143594,0.202381223,-0.0154844932,0.0269561652,0.2693096,-0.30030635,0,0,0,0,-1,0,862.689,0.0349787
13488995100,17.421047900001213,-2.11397266,-83.02045,-39.8366432,-0.124004982,-0.03944277,-0.148054719,0.980380952,-0.0164479557,0.2036053,-0.0154844932,0.0256777983,0.273144722,-0.2939145,0,0,0,0,-1,0,919.2157,0.0005017
13516370800,17.448423700001513,-2.11397266,-83.02045,-39.8366432,-0.124004982,-0.03944277,-0.148054719,0.980380952,-0.0164479557,0.2036053,-0.0154844932,0.0256777983,0.273144722,-0.2939145,0,0,0,0,-1,0,875.08136,0.027375700000000003
13560157000,17.492210100001103,-2.37858343,-82.86144,-39.8200378,-0.125384554,-0.04042166,-0.14630127,0.9804289,-0.01850395,0.204829365,-0.0150770061,0.0256777983,0.275701463,-0.290079474,0,0,0,0,-1,0,832.4692,0.043786200000000004
13560767900,17.492821200001345,-2.74758267,-82.6483841,-39.87185,-0.122861914,-0.04053486,-0.1438743,0.9811025,-0.021382343,0.206461474,-0.0150770061,0.0243994258,0.270587981,-0.284965962,0,0,0,0,-1,0,872.6922,0.0006109
13589162300,17.521215100001427,-2.74758267,-82.6483841,-39.87185,-0.12288782,-0.04045633,-0.143247217,0.981194258,-0.021382343,0.206461474,-0.0150770061,0.0243994258,0.270587981,-0.283687621,0,0,0,0,-1,0,830.8185,0.0283944
13589644300,17.521697400001358,-2.74642086,-82.64755,-39.9261665,-0.122085772,-0.0402620062,-0.142621,0.9813936,-0.021382343,0.206461474,-0.0154844932,0.0243994258,0.2693096,-0.282409221,0,0,0,0,-1,0,893.012,0.000482
13649945600,17.581998600000588,-2.74642086,-82.64755,-39.9261665,-0.122085772,-0.0402620062,-0.142621,0.9813936,-0.021382343,0.206461474,-0.0154844932,0.0243994258,0.2693096,-0.282409221,0,0,0,0,-1,0,849.1906,0.0603013
13685988900,17.618042000000059,-2.797801,-82.59345,-39.99279,-0.124535136,-0.03991964,-0.140690908,0.9813784,-0.0217935424,0.2068695,-0.01589198,0.0231210571,0.2744231,-0.2785741,0,0,0,0,-1,0,808.1183,0.0360433
13686435400,17.618488400001297,-2.79518938,-82.53843,-40.11261,-0.123735569,-0.0383673459,-0.139261842,0.9817452,-0.0217935424,0.207277521,-0.0167069528,0.0205643177,0.273144722,-0.276017368,0,0,0,0,-1,0,879.694458,0.0004465
13730051200,17.662103400001797,-2.79518938,-82.53843,-40.11261,-0.123735569,-0.0383673459,-0.139261842,0.9817452,-0.0217935424,0.207277521,-0.0167069528,0.0205643177,0.273144722,-0.276017368,0,0,0,0,-1,0,836.8561,0.0436158
13730634800,17.6626879000014,-2.79045367,-82.53462,-40.3298759,-0.12179137,-0.03738131,-0.13855426,0.982126355,-0.0217935424,0.207277521,-0.0183369,0.0192859489,0.270587981,-0.274739,0,0,0,0,-1,0,880.6884,0.0005836
13775213600,17.707266600000366,-2.79045367,-82.53462,-40.3298759,-0.12179137,-0.03738131,-0.13855426,0.982126355,-0.0217935424,0.207277521,-0.0183369,0.0192859489,0.270587981,-0.274739,0,0,0,0,-1,0,837.7756,0.0445788
13802101700,17.734154400000989,-2.84068251,-82.5325851,-40.4396667,-0.12327116,-0.0377041921,-0.137963951,0.9820125,-0.02220474,0.207277521,-0.01915187,0.0192859489,0.2744231,-0.273460627,0,0,0,0,-1,0,797.746338,0.0268881
13802617600,17.734670500001812,-2.83947635,-82.53153,-40.49398,-0.123095013,-0.0375979729,-0.137339443,0.982126236,-0.02220474,0.207277521,-0.01955936,0.0192859489,0.2744231,-0.272182256,0,0,0,0,-1,0,854.777039,0.0005159
13827815100,17.759868100001768,-2.83947635,-82.53153,-40.49398,-0.123095013,-0.0375979729,-0.137339443,0.982126236,-0.02220474,0.207277521,-0.01955936,0.0192859489,0.2744231,-0.272182256,0,0,0,0,-1,0,814.0225,0.0251975
13828264400,17.760317500000383,-2.83827019,-82.5304642,-40.5482979,-0.122894794,-0.03757056,-0.137342662,0.9821519,-0.02220474,0.207277521,-0.0199668463,0.0192859489,0.2744231,-0.272182256,0,0,0,0,-1,0,884.6056,0.0004493
13854110300,17.786162400001558,-2.83827019,-82.5304642,-40.5482979,-0.122894794,-0.03757056,-0.137342662,0.9821519,-0.02220474,0.207277521,-0.0199668463,0.0192859489,0.2744231,-0.272182256,0,0,0,0,-1,0,842.3099,0.0258459
13886385700,17.818438200001765,-2.83465147,-82.52711,-40.711235,-0.123550586,-0.03765669,-0.137356266,0.9820644,-0.02220474,0.207277521,-0.0211893059,0.0192859489,0.2769798,-0.272182256,0,0,0,0,-1,0,801.7435,0.0322754
13886832600,17.818885800001226,-2.93586779,-82.52355,-40.876545,-0.124865584,-0.037605077,-0.137329161,0.981903851,-0.0230271369,0.207277521,-0.0224117655,0.01800758,0.280814916,-0.272182256,0,0,0,0,-1,0,873.5382,0.0004469
13914783200,17.846836100001383,-2.93586779,-82.52355,-40.876545,-0.124865584,-0.037605077,-0.137329161,0.981903851,-0.0230271369,0.207277521,-0.0224117655,0.01800758,0.280814916,-0.272182256,0,0,0,0,-1,0,831.650146,0.027950600000000003
13915262700,17.847315900000467,-2.93586779,-82.52355,-40.876545,-0.125517741,-0.03760903,-0.136703238,0.9819079,-0.0230271369,0.207277521,-0.0224117655,0.01800758,0.2820933,-0.2709039,0,0,0,0,-1,0,894.3429,0.00047950000000000005
13957290900,17.88934320000044,-2.93586779,-82.52355,-40.876545,-0.125517741,-0.03760903,-0.136703238,0.9819079,-0.0230271369,0.207277521,-0.0224117655,0.01800758,0.2820933,-0.2709039,0,0,0,0,-1,0,850.8154,0.0420282
13984955500,17.91700850000052,-2.93211532,-82.5198,-41.03947,-0.1248056,-0.0382325873,-0.137434617,0.9818725,-0.0230271369,0.207277521,-0.023634227,0.0192859489,0.2820933,-0.272182256,0,0,0,0,-1,0,810.082031,0.0276646
13985427300,17.917480400001295,-2.98446512,-82.5198,-41.0406876,-0.125430033,-0.03843838,-0.136834964,0.9818686,-0.0234383363,0.207277521,-0.023634227,0.0192859489,0.283371657,-0.2709039,0,0,0,0,-1,0,875.555054,0.00047180000000000003
14019868100,17.95192070000121,-2.98446512,-82.5198,-41.0406876,-0.125430033,-0.03843838,-0.136834964,0.9818686,-0.0234383363,0.207277521,-0.023634227,0.0192859489,0.283371657,-0.2709039,0,0,0,0,-1,0,833.229065,0.0344408
14020410900,17.952464000001783,-3.035519,-82.51851,-41.0962334,-0.125717387,-0.0394023731,-0.137589112,0.981688261,-0.0238495357,0.207277521,-0.0240417123,0.0205643177,0.284650028,-0.272182256,0,0,0,0,-1,0,883.682556,0.00054280000000000007
14057529500,17.989582000000155,-3.035519,-82.51851,-41.0962334,-0.125717387,-0.0394023731,-0.137589112,0.981688261,-0.0238495357,0.207277521,-0.0240417123,0.0205643177,0.284650028,-0.272182256,0,0,0,0,-1,0,840.845459,0.0371186
14079363500,18.01141650000136,-3.035519,-82.51851,-41.0962334,-0.122576654,-0.03898228,-0.137575179,0.9821041,-0.0238495357,0.207277521,-0.0240417123,0.0205643177,0.278258175,-0.272182256,0,0,0,0,-1,0,801.0932,0.021834000000000003
14079886200,18.011938900001041,-3.03422332,-82.51719,-41.15054,-0.1224013,-0.03887661,-0.136950538,0.982217431,-0.0238495357,0.207277521,-0.0244492,0.0205643177,0.278258175,-0.2709039,0,0,0,0,-1,0,856.6957,0.00052270000000000007
14119487000,18.05153970000174,-3.03422332,-82.51719,-41.15054,-0.1217729,-0.03879294,-0.136947453,0.982299268,-0.0238495357,0.207277521,-0.0244492,0.0205643177,0.2769798,-0.2709039,0,0,0,0,-1,0,815.1235,0.039600800000000005
14119985400,18.05203800000163,-3.18704653,-82.5131,-41.3172951,-0.122936636,-0.0400361121,-0.135880917,0.9822526,-0.0250831321,0.207277521,-0.025671659,0.0218426883,0.280814916,-0.268347144,0,0,0,0,-1,0,874.688354,0.00049840000000000008
14155470300,18.087523400001373,-3.18704653,-82.5131,-41.3172951,-0.122936636,-0.0400361121,-0.135880917,0.9822526,-0.0250831321,0.207277521,-0.025671659,0.0218426883,0.280814916,-0.268347144,0,0,0,0,-1,0,832.363,0.0354849
14194067200,18.126120100001572,-3.70303273,-82.50735,-41.5486565,-0.123077013,-0.042970065,-0.1332068,0.9824773,-0.0291951224,0.207277521,-0.0273016058,0.0243994258,0.283371657,-0.261955321,0,0,0,0,-1,0,792.0403,0.0385969
14194595600,18.126648300001762,-4.321258,-82.501236,-41.785614,-0.122694612,-0.04544552,-0.129227191,0.9829451,-0.0341295078,0.207277521,-0.0289315525,0.0256777983,0.284650028,-0.253006727,0,0,0,0,-1,0,847.063538,0.0005284
14227962200,18.160014900000533,-4.321258,-82.501236,-41.785614,-0.122694612,-0.04544552,-0.129227191,0.9829451,-0.0341295078,0.207277521,-0.0289315525,0.0256777983,0.284650028,-0.253006727,0,0,0,0,-1,0,806.208862,0.0333666
14228511200,18.160564400001022,-4.576316,-82.33833,-41.9369926,-0.123456366,-0.046869453,-0.1269604,0.983078241,-0.036185503,0.2085016,-0.0297465269,0.0269561652,0.287206769,-0.247893244,0,0,0,0,-1,0,856.9731,0.000549
14256607200,18.188660200001323,-4.576316,-82.33833,-41.9369926,-0.123456366,-0.046869453,-0.1269604,0.983078241,-0.036185503,0.2085016,-0.0297465269,0.0269561652,0.287206769,-0.247893244,0,0,0,0,-1,0,815.904053,0.028096000000000003
14292423300,18.224475700000767,-4.67542171,-82.2286,-42.071907,-0.12372268,-0.04706214,-0.125140265,0.9832689,-0.0370079,0.209317654,-0.0305615,0.0269561652,0.28848514,-0.244058132,0,0,0,0,-1,0,776.5049,0.035816100000000003
14292922700,18.224975900000572,-4.67341232,-82.22693,-42.12618,-0.123612083,-0.0468006432,-0.123256706,0.9835332,-0.0370079,0.209317654,-0.0309689865,0.0269561652,0.28848514,-0.24022302,0,0,0,0,-1,0,837.7998,0.0004994
14333009100,18.265061100000821,-4.67341232,-82.22693,-42.12618,-0.123612083,-0.0468006432,-0.123256706,0.9835332,-0.0370079,0.209317654,-0.0309689865,0.0269561652,0.28848514,-0.24022302,0,0,0,0,-1,0,797.1571,0.0400864
14333799900,18.265852800001085,-4.670984,-82.17201,-42.1917648,-0.122811943,-0.0466249324,-0.122619748,0.9837214,-0.0370079,0.209725678,-0.0313764736,0.0269561652,0.287206769,-0.238944665,0,0,0,0,-1,0,820.526367,0.0007908
14367919500,18.299971400001596,-4.670984,-82.17201,-42.1917648,-0.122811943,-0.0466249324,-0.122619748,0.9837214,-0.0370079,0.209725678,-0.0313764736,0.0269561652,0.287206769,-0.238944665,0,0,0,0,-1,0,780.965454,0.0341196
14405978000,18.338030400000207,-4.67056465,-82.1188,-42.2030945,-0.1228417,-0.0465464219,-0.121990949,0.9837996,-0.0370079,0.2101337,-0.0313764736,0.0269561652,0.287206769,-0.237666309,0,0,0,0,-1,0,743.230957,0.0380585
14406484800,18.338537600000564,-4.61670542,-82.11708,-42.25546,-0.122036576,-0.04624794,-0.121957451,0.983918,-0.0365967,0.2101337,-0.03178396,0.0269561652,0.2859284,-0.237666309,0,0,0,0,-1,0,804.727661,0.00050680000000000007
14433710000,18.365762100000211,-4.61670542,-82.11708,-42.25546,-0.122036576,-0.04624794,-0.121957451,0.983918,-0.0365967,0.2101337,-0.03178396,0.0269561652,0.2859284,-0.237666309,0,0,0,0,-1,0,766.3278,0.0272252
14434265800,18.366318900001716,-4.61670542,-82.11708,-42.25546,-0.12148463,-0.0455495343,-0.121849455,0.9840322,-0.0365967,0.2101337,-0.03178396,0.0256777983,0.284650028,-0.237666309,0,0,0,0,-1,0,817.971863,0.00055580000000000007
14471213100,18.40326560000176,-4.61670542,-82.11708,-42.25546,-0.12148463,-0.0455495343,-0.121849455,0.9840322,-0.0365967,0.2101337,-0.03178396,0.0256777983,0.284650028,-0.237666309,0,0,0,0,-1,0,778.4266,0.0369473
14499721800,18.431773900001645,-4.664536,-82.11359,-42.3659172,-0.120428488,-0.0456316657,-0.121868044,0.984155953,-0.0370079,0.2101337,-0.03259893,0.0256777983,0.283371657,-0.237666309,0,0,0,0,-1,0,741.2591,0.0285087
14500276100,18.432328900000357,-4.76198149,-82.10817,-42.5326042,-0.120987713,-0.0466579348,-0.121413432,0.984095454,-0.0378302969,0.2101337,-0.0338213928,0.0269561652,0.2859284,-0.236387923,0,0,0,0,-1,0,794.4,0.00055430000000000008
14530168200,18.462221200001295,-4.76198149,-82.10817,-42.5326042,-0.120987713,-0.0466579348,-0.121413432,0.984095454,-0.0378302969,0.2101337,-0.0338213928,0.0269561652,0.2859284,-0.236387923,0,0,0,0,-1,0,756.3527,0.0298921
14530798600,18.4628517000001,-4.96463251,-82.104454,-42.6491356,-0.121791042,-0.0478777625,-0.119122677,0.9842177,-0.0394750945,0.2101337,-0.0346363671,0.028234534,0.28848514,-0.231274456,0,0,0,0,-1,0,797.8498,0.0006304
14572589600,18.5046422000014,-4.96463251,-82.104454,-42.6491356,-0.121791042,-0.0478777625,-0.119122677,0.9842177,-0.0394750945,0.2101337,-0.0346363671,0.028234534,0.28848514,-0.231274456,0,0,0,0,-1,0,759.153748,0.041791
14608628900,18.540681700000277,-5.11260033,-82.0455,-42.829483,-0.123483151,-0.0489817932,-0.116839394,0.9842263,-0.0407086946,0.21054174,-0.036266312,0.0295129027,0.293598622,-0.226160958,0,0,0,0,-1,0,722.583435,0.0360393
14609263700,18.541316400000142,-5.10818052,-82.04156,-42.938,-0.124594219,-0.04940272,-0.11445304,0.984345555,-0.0407086946,0.21054174,-0.0366738,0.0307912733,0.296155363,-0.221047491,0,0,0,0,-1,0,765.219238,0.0006348
14636827600,18.568880500000887,-5.10818052,-82.04156,-42.938,-0.124594219,-0.04940272,-0.11445304,0.984345555,-0.0407086946,0.21054174,-0.0366738,0.0307912733,0.296155363,-0.221047491,0,0,0,0,-1,0,728.7722,0.027563900000000002
14637312200,18.569365300001664,-5.10597038,-82.03955,-42.9922562,-0.12567617,-0.04989823,-0.11269775,0.98438555,-0.0407086946,0.21054174,-0.0370812863,0.0320696421,0.2987121,-0.217212379,0,0,0,0,-1,0,795.5115,0.0004846
14659915200,18.591967900001691,-5.10597038,-82.03955,-42.9922562,-0.12567617,-0.04989823,-0.11269775,0.98438555,-0.0407086946,0.21054174,-0.0370812863,0.0320696421,0.2987121,-0.217212379,0,0,0,0,-1,0,757.948,0.022603
14687130100,18.619182400001591,-5.157517,-82.03955,-42.9943657,-0.1262376,-0.0511750467,-0.111057952,0.984434545,-0.04111989,0.21054174,-0.0370812863,0.03462638,0.299990475,-0.213377282,0,0,0,0,-1,0,721.8878,0.0272149
14687675000,18.61972810000043,-5.155285,-82.03753,-43.04862,-0.126629174,-0.0517620444,-0.110550322,0.9844107,-0.04111989,0.21054174,-0.0374887735,0.03590475,0.301268846,-0.2120989,0,0,0,0,-1,0,777.5534,0.00054490000000000007
14719447100,18.651500200001465,-5.155285,-82.03753,-43.04862,-0.126629174,-0.0517620444,-0.110550322,0.9844107,-0.04111989,0.21054174,-0.0374887735,0.03590475,0.301268846,-0.2120989,0,0,0,0,-1,0,740.249451,0.031772100000000005
14719864400,18.651917700000922,-5.153053,-82.0354843,-43.1028748,-0.1263914,-0.05228542,-0.110027954,0.984472156,-0.04111989,0.21054174,-0.03789626,0.03718312,0.301268846,-0.210820526,0,0,0,0,-1,0,823.0549,0.0004173
14745801800,18.6778546000005,-5.153053,-82.0354843,-43.1028748,-0.1263914,-0.05228542,-0.110027954,0.984472156,-0.04111989,0.21054174,-0.03789626,0.03718312,0.301268846,-0.210820526,0,0,0,0,-1,0,783.829834,0.025937400000000003
14779346600,18.711399300000267,-5.15082026,-82.03341,-43.1571274,-0.126221716,-0.0526477471,-0.108247094,0.98467195,-0.04111989,0.21054174,-0.03830374,0.0384614877,0.301268846,-0.206985429,0,0,0,0,-1,0,746.1289,0.0335448
14779758700,18.711811900000612,-5.148588,-82.03132,-43.21138,-0.126650169,-0.0531521551,-0.107112445,0.984714,-0.04111989,0.21054174,-0.03871123,0.03973986,0.302547216,-0.204428688,0,0,0,0,-1,0,830.1522,0.00041210000000000004
14816629100,18.748682100000224,-5.148588,-82.03132,-43.21138,-0.126650169,-0.0531521551,-0.107112445,0.984714,-0.04111989,0.21054174,-0.03871123,0.03973986,0.302547216,-0.204428688,0,0,0,0,-1,0,790.000732,0.036870400000000005
14817098400,18.749151600000914,-5.19779062,-82.0292053,-43.2677574,-0.12699081,-0.0544834472,-0.106110737,0.984705746,-0.04153109,0.21054174,-0.03911872,0.0422965959,0.3038256,-0.201871946,0,0,0,0,-1,0,857.042358,0.0004693
14851806800,18.7838595000012,-5.19779062,-82.0292053,-43.2677574,-0.12699081,-0.0544834472,-0.106110737,0.984705746,-0.04153109,0.21054174,-0.03911872,0.0422965959,0.3038256,-0.201871946,0,0,0,0,-1,0,815.6308,0.0347084
14878980900,18.811033800000587,-5.246947,-82.02707,-43.3241539,-0.127366155,-0.05526923,-0.105634414,0.9846647,-0.0419422872,0.21054174,-0.0395262055,0.0435749665,0.305103958,-0.200593576,0,0,0,0,-1,0,776.6893,0.027174100000000003
14879534100,18.811586900001203,-5.29375935,-82.02273,-43.4348145,-0.128037959,-0.0573434345,-0.10539566,0.984484553,-0.0423534848,0.21054174,-0.04034118,0.0474100746,0.307660669,-0.1993152,0,0,0,0,-1,0,828.238037,0.0005532
14913899500,18.8459526000006,-5.29375935,-82.02273,-43.4348145,-0.128037959,-0.0573434345,-0.10539566,0.984484553,-0.0423534848,0.21054174,-0.04034118,0.0474100746,0.307660669,-0.1993152,0,0,0,0,-1,0,788.281067,0.034365400000000004
14914351000,18.846404300000358,-5.29146051,-82.02053,-43.48906,-0.128333271,-0.058632087,-0.105633907,0.984344661,-0.0423534848,0.21054174,-0.040748667,0.0499668121,0.30893904,-0.1993152,0,0,0,0,-1,0,859.609,0.0004515
14950097700,18.882150600000386,-5.29146051,-82.02053,-43.48906,-0.128333271,-0.058632087,-0.105633907,0.984344661,-0.0423534848,0.21054174,-0.040748667,0.0499668121,0.30893904,-0.1993152,0,0,0,0,-1,0,818.0273,0.0357467
14988750600,18.920803400000295,-5.240117,-82.02053,-43.4868927,-0.126494527,-0.05770979,-0.106069125,0.9845903,-0.0419422872,0.21054174,-0.040748667,0.04868845,0.305103958,-0.200593576,0,0,0,0,-1,0,778.4195,0.038652900000000004
14989223000,18.921276200000648,-5.23784065,-82.0183,-43.5411377,-0.126495332,-0.055813022,-0.105752483,0.984733641,-0.0419422872,0.21054174,-0.0411561541,0.0448533371,0.305103958,-0.200593576,0,0,0,0,-1,0,845.341,0.00047240000000000004
15024362600,18.956415600001492,-5.23784065,-82.0183,-43.5411377,-0.126495332,-0.055813022,-0.105752483,0.984733641,-0.0419422872,0.21054174,-0.0411561541,0.0448533371,0.305103958,-0.200593576,0,0,0,0,-1,0,804.4968,0.0351396
15024844000,18.956897000000026,-5.33816051,-82.01606,-43.59973,-0.128110647,-0.05691813,-0.105343252,0.984505355,-0.042764686,0.21054174,-0.0415636376,0.046131704,0.30893904,-0.1993152,0,0,0,0,-1,0,868.135742,0.00048140000000000005
15050563200,18.982615700000679,-5.33816051,-82.01606,-43.59973,-0.128043741,-0.0575433336,-0.105451249,0.9844662,-0.042764686,0.21054174,-0.0415636376,0.0474100746,0.30893904,-0.1993152,0,0,0,0,-1,0,826.673035,0.0257192
15098068900,19.030121500001769,-5.389457,-82.01606,-43.6019363,-0.128622487,-0.05834713,-0.104976662,0.984394133,-0.0431758836,0.21054174,-0.0415636376,0.04868845,0.3102174,-0.198036835,0,0,0,0,-1,0,786.3919,0.047505700000000005
15098525400,19.030578500000047,-5.387114,-82.01379,-43.6561775,-0.1290604,-0.0588449724,-0.103850722,0.9844266,-0.0431758836,0.21054174,-0.0419711247,0.0499668121,0.311495781,-0.1954801,0,0,0,0,-1,0,856.6013,0.00045650000000000004
